0 0 0 5 5 0 5 5 2.5 2.5
0 0 0 2.5 2.5 0 2.5 2.5 1.25 1.25
0 0 0 1.25 1.25 0 1.25 1.25 0.625 0.625
0 1.25 0 2.5 1.25 1.25 1.25 2.5 0.625 1.875
0 1.25 0 1.875 0.625 1.25 0.625 1.875 0.3125 1.5625
0 1.875 0 2.5 0.625 1.875 0.625 2.5 0.3125 2.1875
0.625 1.25 0.625 1.875 1.25 1.25 1.25 1.875 0.9375 1.5625
0.625 1.875 0.625 2.5 1.25 1.875 1.25 2.5 0.9375 2.1875
1.25 0 1.25 1.25 2.5 0 2.5 1.25 1.875 0.625
1.25 1.25 1.25 2.5 2.5 1.25 2.5 2.5 1.875 1.875
1.25 1.25 1.25 1.875 1.875 1.25 1.875 1.875 1.5625 1.5625
1.25 1.875 1.25 2.5 1.875 1.875 1.875 2.5 1.5625 2.1875
1.875 1.25 1.875 1.875 2.5 1.25 2.5 1.875 2.1875 1.5625
1.875 1.875 1.875 2.5 2.5 1.875 2.5 2.5 2.1875 2.1875
0 2.5 0 5 2.5 2.5 2.5 5 1.25 3.75
0 2.5 0 3.75 1.25 2.5 1.25 3.75 0.625 3.125
0 2.5 0 3.125 0.625 2.5 0.625 3.125 0.3125 2.8125
0 3.125 0 3.75 0.625 3.125 0.625 3.75 0.3125 3.4375
0.625 2.5 0.625 3.125 1.25 2.5 1.25 3.125 0.9375 2.8125
0.625 2.5 0.625 2.8125 0.9375 2.5 0.9375 2.8125 0.78125 2.65625
0.625 2.8125 0.625 3.125 0.9375 2.8125 0.9375 3.125 0.78125 2.96875
0.9375 2.5 0.9375 2.8125 1.25 2.5 1.25 2.8125 1.09375 2.65625
0.9375 2.8125 0.9375 3.125 1.25 2.8125 1.25 3.125 1.09375 2.96875
0.625 3.125 0.625 3.75 1.25 3.125 1.25 3.75 0.9375 3.4375
0 3.75 0 5 1.25 3.75 1.25 5 0.625 4.375
1.25 2.5 1.25 3.75 2.5 2.5 2.5 3.75 1.875 3.125
1.25 3.75 1.25 5 2.5 3.75 2.5 5 1.875 4.375
1.25 3.75 1.25 4.375 1.875 3.75 1.875 4.375 1.5625 4.0625
1.25 4.375 1.25 5 1.875 4.375 1.875 5 1.5625 4.6875
1.875 3.75 1.875 4.375 2.5 3.75 2.5 4.375 2.1875 4.0625
1.875 4.375 1.875 5 2.5 4.375 2.5 5 2.1875 4.6875
1.875 4.375 1.875 4.6875 2.1875 4.375 2.1875 4.6875 2.03125 4.53125
1.875 4.6875 1.875 5 2.1875 4.6875 2.1875 5 2.03125 4.84375
2.1875 4.375 2.1875 4.6875 2.5 4.375 2.5 4.6875 2.34375 4.53125
2.1875 4.6875 2.1875 5 2.5 4.6875 2.5 5 2.34375 4.84375
2.5 0 2.5 2.5 5 0 5 2.5 3.75 1.25
2.5 0 2.5 1.25 3.75 0 3.75 1.25 3.125 0.625
2.5 0 2.5 0.625 3.125 0 3.125 0.625 2.8125 0.3125
2.5 0.625 2.5 1.25 3.125 0.625 3.125 1.25 2.8125 0.9375
3.125 0 3.125 0.625 3.75 0 3.75 0.625 3.4375 0.3125
3.125 0.625 3.125 1.25 3.75 0.625 3.75 1.25 3.4375 0.9375
2.5 1.25 2.5 2.5 3.75 1.25 3.75 2.5 3.125 1.875
3.75 0 3.75 1.25 5 0 5 1.25 4.375 0.625
3.75 1.25 3.75 2.5 5 1.25 5 2.5 4.375 1.875
2.5 2.5 2.5 5 5 2.5 5 5 3.75 3.75
2.5 2.5 2.5 3.75 3.75 2.5 3.75 3.75 3.125 3.125
2.5 3.75 2.5 5 3.75 3.75 3.75 5 3.125 4.375
3.75 2.5 3.75 3.75 5 2.5 5 3.75 4.375 3.125
3.75 2.5 3.75 3.125 4.375 2.5 4.375 3.125 4.0625 2.8125
3.75 3.125 3.75 3.75 4.375 3.125 4.375 3.75 4.0625 3.4375
4.375 2.5 4.375 3.125 5 2.5 5 3.125 4.6875 2.8125
4.375 3.125 4.375 3.75 5 3.125 5 3.75 4.6875 3.4375
3.75 3.75 3.75 5 5 3.75 5 5 4.375 4.375
0 5 0 10 5 5 5 10 2.5 7.5
0 5 0 7.5 2.5 5 2.5 7.5 1.25 6.25
0 5 0 6.25 1.25 5 1.25 6.25 0.625 5.625
0 6.25 0 7.5 1.25 6.25 1.25 7.5 0.625 6.875
1.25 5 1.25 6.25 2.5 5 2.5 6.25 1.875 5.625
1.25 5 1.25 5.625 1.875 5 1.875 5.625 1.5625 5.3125
1.25 5.625 1.25 6.25 1.875 5.625 1.875 6.25 1.5625 5.9375
1.25 5.625 1.25 5.9375 1.5625 5.625 1.5625 5.9375 1.40625 5.78125
1.25 5.9375 1.25 6.25 1.5625 5.9375 1.5625 6.25 1.40625 6.09375
1.5625 5.625 1.5625 5.9375 1.875 5.625 1.875 5.9375 1.71875 5.78125
1.5625 5.9375 1.5625 6.25 1.875 5.9375 1.875 6.25 1.71875 6.09375
1.875 5 1.875 5.625 2.5 5 2.5 5.625 2.1875 5.3125
1.875 5.625 1.875 6.25 2.5 5.625 2.5 6.25 2.1875 5.9375
1.25 6.25 1.25 7.5 2.5 6.25 2.5 7.5 1.875 6.875
0 7.5 0 10 2.5 7.5 2.5 10 1.25 8.75
0 7.5 0 8.75 1.25 7.5 1.25 8.75 0.625 8.125
0 7.5 0 8.125 0.625 7.5 0.625 8.125 0.3125 7.8125
0 8.125 0 8.75 0.625 8.125 0.625 8.75 0.3125 8.4375
0 8.125 0 8.4375 0.3125 8.125 0.3125 8.4375 0.15625 8.28125
0 8.4375 0 8.75 0.3125 8.4375 0.3125 8.75 0.15625 8.59375
0.3125 8.125 0.3125 8.4375 0.625 8.125 0.625 8.4375 0.46875 8.28125
0.3125 8.4375 0.3125 8.75 0.625 8.4375 0.625 8.75 0.46875 8.59375
0.625 7.5 0.625 8.125 1.25 7.5 1.25 8.125 0.9375 7.8125
0.625 8.125 0.625 8.75 1.25 8.125 1.25 8.75 0.9375 8.4375
0 8.75 0 10 1.25 8.75 1.25 10 0.625 9.375
1.25 7.5 1.25 8.75 2.5 7.5 2.5 8.75 1.875 8.125
1.25 8.75 1.25 10 2.5 8.75 2.5 10 1.875 9.375
2.5 5 2.5 7.5 5 5 5 7.5 3.75 6.25
2.5 5 2.5 6.25 3.75 5 3.75 6.25 3.125 5.625
2.5 6.25 2.5 7.5 3.75 6.25 3.75 7.5 3.125 6.875
3.75 5 3.75 6.25 5 5 5 6.25 4.375 5.625
3.75 6.25 3.75 7.5 5 6.25 5 7.5 4.375 6.875
3.75 6.25 3.75 6.875 4.375 6.25 4.375 6.875 4.0625 6.5625
3.75 6.875 3.75 7.5 4.375 6.875 4.375 7.5 4.0625 7.1875
4.375 6.25 4.375 6.875 5 6.25 5 6.875 4.6875 6.5625
4.375 6.875 4.375 7.5 5 6.875 5 7.5 4.6875 7.1875
2.5 7.5 2.5 10 5 7.5 5 10 3.75 8.75
2.5 7.5 2.5 8.75 3.75 7.5 3.75 8.75 3.125 8.125
2.5 8.75 2.5 10 3.75 8.75 3.75 10 3.125 9.375
3.75 7.5 3.75 8.75 5 7.5 5 8.75 4.375 8.125
3.75 7.5 3.75 8.125 4.375 7.5 4.375 8.125 4.0625 7.8125
3.75 8.125 3.75 8.75 4.375 8.125 4.375 8.75 4.0625 8.4375
4.375 7.5 4.375 8.125 5 7.5 5 8.125 4.6875 7.8125
4.375 8.125 4.375 8.75 5 8.125 5 8.75 4.6875 8.4375
3.75 8.75 3.75 10 5 8.75 5 10 4.375 9.375
3.75 8.75 3.75 9.375 4.375 8.75 4.375 9.375 4.0625 9.0625
3.75 9.375 3.75 10 4.375 9.375 4.375 10 4.0625 9.6875
4.375 8.75 4.375 9.375 5 8.75 5 9.375 4.6875 9.0625
4.375 9.375 4.375 10 5 9.375 5 10 4.6875 9.6875
5 0 5 5 10 0 10 5 7.5 2.5
5 0 5 2.5 7.5 0 7.5 2.5 6.25 1.25
5 0 5 1.25 6.25 0 6.25 1.25 5.625 0.625
5 0 5 0.625 5.625 0 5.625 0.625 5.3125 0.3125
5 0.625 5 1.25 5.625 0.625 5.625 1.25 5.3125 0.9375
5.625 0 5.625 0.625 6.25 0 6.25 0.625 5.9375 0.3125
5.625 0.625 5.625 1.25 6.25 0.625 6.25 1.25 5.9375 0.9375
5.625 0.625 5.625 0.9375 5.9375 0.625 5.9375 0.9375 5.78125 0.78125
5.625 0.9375 5.625 1.25 5.9375 0.9375 5.9375 1.25 5.78125 1.09375
5.9375 0.625 5.9375 0.9375 6.25 0.625 6.25 0.9375 6.09375 0.78125
5.9375 0.9375 5.9375 1.25 6.25 0.9375 6.25 1.25 6.09375 1.09375
5 1.25 5 2.5 6.25 1.25 6.25 2.5 5.625 1.875
6.25 0 6.25 1.25 7.5 0 7.5 1.25 6.875 0.625
6.25 1.25 6.25 2.5 7.5 1.25 7.5 2.5 6.875 1.875
5 2.5 5 5 7.5 2.5 7.5 5 6.25 3.75
5 2.5 5 3.75 6.25 2.5 6.25 3.75 5.625 3.125
5 2.5 5 3.125 5.625 2.5 5.625 3.125 5.3125 2.8125
5 3.125 5 3.75 5.625 3.125 5.625 3.75 5.3125 3.4375
5.625 2.5 5.625 3.125 6.25 2.5 6.25 3.125 5.9375 2.8125
5.625 3.125 5.625 3.75 6.25 3.125 6.25 3.75 5.9375 3.4375
5.625 3.125 5.625 3.4375 5.9375 3.125 5.9375 3.4375 5.78125 3.28125
5.625 3.4375 5.625 3.75 5.9375 3.4375 5.9375 3.75 5.78125 3.59375
5.9375 3.125 5.9375 3.4375 6.25 3.125 6.25 3.4375 6.09375 3.28125
5.9375 3.4375 5.9375 3.75 6.25 3.4375 6.25 3.75 6.09375 3.59375
5 3.75 5 5 6.25 3.75 6.25 5 5.625 4.375
6.25 2.5 6.25 3.75 7.5 2.5 7.5 3.75 6.875 3.125
6.25 3.75 6.25 5 7.5 3.75 7.5 5 6.875 4.375
7.5 0 7.5 2.5 10 0 10 2.5 8.75 1.25
7.5 0 7.5 1.25 8.75 0 8.75 1.25 8.125 0.625
7.5 1.25 7.5 2.5 8.75 1.25 8.75 2.5 8.125 1.875
8.75 0 8.75 1.25 10 0 10 1.25 9.375 0.625
8.75 0 8.75 0.625 9.375 0 9.375 0.625 9.0625 0.3125
8.75 0.625 8.75 1.25 9.375 0.625 9.375 1.25 9.0625 0.9375
9.375 0 9.375 0.625 10 0 10 0.625 9.6875 0.3125
9.375 0 9.375 0.3125 9.6875 0 9.6875 0.3125 9.53125 0.15625
9.375 0.3125 9.375 0.625 9.6875 0.3125 9.6875 0.625 9.53125 0.46875
9.6875 0 9.6875 0.3125 10 0 10 0.3125 9.84375 0.15625
9.6875 0.3125 9.6875 0.625 10 0.3125 10 0.625 9.84375 0.46875
9.375 0.625 9.375 1.25 10 0.625 10 1.25 9.6875 0.9375
8.75 1.25 8.75 2.5 10 1.25 10 2.5 9.375 1.875
7.5 2.5 7.5 5 10 2.5 10 5 8.75 3.75
7.5 2.5 7.5 3.75 8.75 2.5 8.75 3.75 8.125 3.125
7.5 2.5 7.5 3.125 8.125 2.5 8.125 3.125 7.8125 2.8125
7.5 3.125 7.5 3.75 8.125 3.125 8.125 3.75 7.8125 3.4375
8.125 2.5 8.125 3.125 8.75 2.5 8.75 3.125 8.4375 2.8125
8.125 2.5 8.125 2.8125 8.4375 2.5 8.4375 2.8125 8.28125 2.65625
8.125 2.8125 8.125 3.125 8.4375 2.8125 8.4375 3.125 8.28125 2.96875
8.4375 2.5 8.4375 2.8125 8.75 2.5 8.75 2.8125 8.59375 2.65625
8.4375 2.8125 8.4375 3.125 8.75 2.8125 8.75 3.125 8.59375 2.96875
8.125 3.125 8.125 3.75 8.75 3.125 8.75 3.75 8.4375 3.4375
7.5 3.75 7.5 5 8.75 3.75 8.75 5 8.125 4.375
7.5 3.75 7.5 4.375 8.125 3.75 8.125 4.375 7.8125 4.0625
7.5 4.375 7.5 5 8.125 4.375 8.125 5 7.8125 4.6875
8.125 3.75 8.125 4.375 8.75 3.75 8.75 4.375 8.4375 4.0625
8.125 3.75 8.125 4.0625 8.4375 3.75 8.4375 4.0625 8.28125 3.90625
8.125 4.0625 8.125 4.375 8.4375 4.0625 8.4375 4.375 8.28125 4.21875
8.125 4.0625 8.125 4.21875 8.28125 4.0625 8.28125 4.21875 8.20313 4.14063
8.125 4.0625 8.125 4.14063 8.20313 4.0625 8.20313 4.14063 8.16406 4.10156
8.125 4.14063 8.125 4.21875 8.20313 4.14063 8.20313 4.21875 8.16406 4.17969
8.20313 4.0625 8.20313 4.14063 8.28125 4.0625 8.28125 4.14063 8.24219 4.10156
8.20313 4.14063 8.20313 4.21875 8.28125 4.14063 8.28125 4.21875 8.24219 4.17969
8.125 4.21875 8.125 4.375 8.28125 4.21875 8.28125 4.375 8.20313 4.29688
8.28125 4.0625 8.28125 4.21875 8.4375 4.0625 8.4375 4.21875 8.35938 4.14063
8.28125 4.21875 8.28125 4.375 8.4375 4.21875 8.4375 4.375 8.35938 4.29688
8.4375 3.75 8.4375 4.0625 8.75 3.75 8.75 4.0625 8.59375 3.90625
8.4375 4.0625 8.4375 4.375 8.75 4.0625 8.75 4.375 8.59375 4.21875
8.125 4.375 8.125 5 8.75 4.375 8.75 5 8.4375 4.6875
8.75 2.5 8.75 3.75 10 2.5 10 3.75 9.375 3.125
8.75 2.5 8.75 3.125 9.375 2.5 9.375 3.125 9.0625 2.8125
8.75 3.125 8.75 3.75 9.375 3.125 9.375 3.75 9.0625 3.4375
9.375 2.5 9.375 3.125 10 2.5 10 3.125 9.6875 2.8125
9.375 3.125 9.375 3.75 10 3.125 10 3.75 9.6875 3.4375
8.75 3.75 8.75 5 10 3.75 10 5 9.375 4.375
5 5 5 10 10 5 10 10 7.5 7.5
5 5 5 7.5 7.5 5 7.5 7.5 6.25 6.25
5 5 5 6.25 6.25 5 6.25 6.25 5.625 5.625
5 5 5 5.625 5.625 5 5.625 5.625 5.3125 5.3125
5 5.625 5 6.25 5.625 5.625 5.625 6.25 5.3125 5.9375
5.625 5 5.625 5.625 6.25 5 6.25 5.625 5.9375 5.3125
5.625 5.625 5.625 6.25 6.25 5.625 6.25 6.25 5.9375 5.9375
5 6.25 5 7.5 6.25 6.25 6.25 7.5 5.625 6.875
6.25 5 6.25 6.25 7.5 5 7.5 6.25 6.875 5.625
6.25 5 6.25 5.625 6.875 5 6.875 5.625 6.5625 5.3125
6.25 5.625 6.25 6.25 6.875 5.625 6.875 6.25 6.5625 5.9375
6.25 5.625 6.25 5.9375 6.5625 5.625 6.5625 5.9375 6.40625 5.78125
6.25 5.9375 6.25 6.25 6.5625 5.9375 6.5625 6.25 6.40625 6.09375
6.5625 5.625 6.5625 5.9375 6.875 5.625 6.875 5.9375 6.71875 5.78125
6.5625 5.9375 6.5625 6.25 6.875 5.9375 6.875 6.25 6.71875 6.09375
6.5625 5.9375 6.5625 6.09375 6.71875 5.9375 6.71875 6.09375 6.64063 6.01563
6.5625 6.09375 6.5625 6.25 6.71875 6.09375 6.71875 6.25 6.64063 6.17188
6.71875 5.9375 6.71875 6.09375 6.875 5.9375 6.875 6.09375 6.79688 6.01563
6.71875 6.09375 6.71875 6.25 6.875 6.09375 6.875 6.25 6.79688 6.17188
6.875 5 6.875 5.625 7.5 5 7.5 5.625 7.1875 5.3125
6.875 5.625 6.875 6.25 7.5 5.625 7.5 6.25 7.1875 5.9375
6.25 6.25 6.25 7.5 7.5 6.25 7.5 7.5 6.875 6.875
6.25 6.25 6.25 6.875 6.875 6.25 6.875 6.875 6.5625 6.5625
6.25 6.875 6.25 7.5 6.875 6.875 6.875 7.5 6.5625 7.1875
6.875 6.25 6.875 6.875 7.5 6.25 7.5 6.875 7.1875 6.5625
6.875 6.875 6.875 7.5 7.5 6.875 7.5 7.5 7.1875 7.1875
5 7.5 5 10 7.5 7.5 7.5 10 6.25 8.75
5 7.5 5 8.75 6.25 7.5 6.25 8.75 5.625 8.125
5 7.5 5 8.125 5.625 7.5 5.625 8.125 5.3125 7.8125
5 8.125 5 8.75 5.625 8.125 5.625 8.75 5.3125 8.4375
5.625 7.5 5.625 8.125 6.25 7.5 6.25 8.125 5.9375 7.8125
5.625 8.125 5.625 8.75 6.25 8.125 6.25 8.75 5.9375 8.4375
5 8.75 5 10 6.25 8.75 6.25 10 5.625 9.375
5 8.75 5 9.375 5.625 8.75 5.625 9.375 5.3125 9.0625
5 8.75 5 9.0625 5.3125 8.75 5.3125 9.0625 5.15625 8.90625
5 9.0625 5 9.375 5.3125 9.0625 5.3125 9.375 5.15625 9.21875
5.3125 8.75 5.3125 9.0625 5.625 8.75 5.625 9.0625 5.46875 8.90625
5.3125 9.0625 5.3125 9.375 5.625 9.0625 5.625 9.375 5.46875 9.21875
5 9.375 5 10 5.625 9.375 5.625 10 5.3125 9.6875
5.625 8.75 5.625 9.375 6.25 8.75 6.25 9.375 5.9375 9.0625
5.625 9.375 5.625 10 6.25 9.375 6.25 10 5.9375 9.6875
5.625 9.375 5.625 9.6875 5.9375 9.375 5.9375 9.6875 5.78125 9.53125
5.625 9.375 5.625 9.53125 5.78125 9.375 5.78125 9.53125 5.70313 9.45313
5.625 9.53125 5.625 9.6875 5.78125 9.53125 5.78125 9.6875 5.70313 9.60938
5.78125 9.375 5.78125 9.53125 5.9375 9.375 5.9375 9.53125 5.85938 9.45313
5.78125 9.53125 5.78125 9.6875 5.9375 9.53125 5.9375 9.6875 5.85938 9.60938
5.625 9.6875 5.625 10 5.9375 9.6875 5.9375 10 5.78125 9.84375
5.9375 9.375 5.9375 9.6875 6.25 9.375 6.25 9.6875 6.09375 9.53125
5.9375 9.6875 5.9375 10 6.25 9.6875 6.25 10 6.09375 9.84375
6.25 7.5 6.25 8.75 7.5 7.5 7.5 8.75 6.875 8.125
6.25 7.5 6.25 8.125 6.875 7.5 6.875 8.125 6.5625 7.8125
6.25 8.125 6.25 8.75 6.875 8.125 6.875 8.75 6.5625 8.4375
6.875 7.5 6.875 8.125 7.5 7.5 7.5 8.125 7.1875 7.8125
6.875 8.125 6.875 8.75 7.5 8.125 7.5 8.75 7.1875 8.4375
6.25 8.75 6.25 10 7.5 8.75 7.5 10 6.875 9.375
7.5 5 7.5 7.5 10 5 10 7.5 8.75 6.25
7.5 5 7.5 6.25 8.75 5 8.75 6.25 8.125 5.625
7.5 5 7.5 5.625 8.125 5 8.125 5.625 7.8125 5.3125
7.5 5.625 7.5 6.25 8.125 5.625 8.125 6.25 7.8125 5.9375
7.5 5.625 7.5 5.9375 7.8125 5.625 7.8125 5.9375 7.65625 5.78125
7.5 5.625 7.5 5.78125 7.65625 5.625 7.65625 5.78125 7.57813 5.70313
7.5 5.78125 7.5 5.9375 7.65625 5.78125 7.65625 5.9375 7.57813 5.85938
7.65625 5.625 7.65625 5.78125 7.8125 5.625 7.8125 5.78125 7.73438 5.70313
7.65625 5.78125 7.65625 5.9375 7.8125 5.78125 7.8125 5.9375 7.73438 5.85938
7.5 5.9375 7.5 6.25 7.8125 5.9375 7.8125 6.25 7.65625 6.09375
7.8125 5.625 7.8125 5.9375 8.125 5.625 8.125 5.9375 7.96875 5.78125
7.8125 5.9375 7.8125 6.25 8.125 5.9375 8.125 6.25 7.96875 6.09375
8.125 5 8.125 5.625 8.75 5 8.75 5.625 8.4375 5.3125
8.125 5.625 8.125 6.25 8.75 5.625 8.75 6.25 8.4375 5.9375
7.5 6.25 7.5 7.5 8.75 6.25 8.75 7.5 8.125 6.875
8.75 5 8.75 6.25 10 5 10 6.25 9.375 5.625
8.75 5 8.75 5.625 9.375 5 9.375 5.625 9.0625 5.3125
8.75 5.625 8.75 6.25 9.375 5.625 9.375 6.25 9.0625 5.9375
9.375 5 9.375 5.625 10 5 10 5.625 9.6875 5.3125
9.375 5 9.375 5.3125 9.6875 5 9.6875 5.3125 9.53125 5.15625
9.375 5.3125 9.375 5.625 9.6875 5.3125 9.6875 5.625 9.53125 5.46875
9.6875 5 9.6875 5.3125 10 5 10 5.3125 9.84375 5.15625
9.6875 5.3125 9.6875 5.625 10 5.3125 10 5.625 9.84375 5.46875
9.375 5.625 9.375 6.25 10 5.625 10 6.25 9.6875 5.9375
8.75 6.25 8.75 7.5 10 6.25 10 7.5 9.375 6.875
8.75 6.25 8.75 6.875 9.375 6.25 9.375 6.875 9.0625 6.5625
8.75 6.875 8.75 7.5 9.375 6.875 9.375 7.5 9.0625 7.1875
8.75 6.875 8.75 7.1875 9.0625 6.875 9.0625 7.1875 8.90625 7.03125
8.75 7.1875 8.75 7.5 9.0625 7.1875 9.0625 7.5 8.90625 7.34375
9.0625 6.875 9.0625 7.1875 9.375 6.875 9.375 7.1875 9.21875 7.03125
9.0625 7.1875 9.0625 7.5 9.375 7.1875 9.375 7.5 9.21875 7.34375
9.375 6.25 9.375 6.875 10 6.25 10 6.875 9.6875 6.5625
9.375 6.875 9.375 7.5 10 6.875 10 7.5 9.6875 7.1875
7.5 7.5 7.5 10 10 7.5 10 10 8.75 8.75
7.5 7.5 7.5 8.75 8.75 7.5 8.75 8.75 8.125 8.125
7.5 7.5 7.5 8.125 8.125 7.5 8.125 8.125 7.8125 7.8125
7.5 8.125 7.5 8.75 8.125 8.125 8.125 8.75 7.8125 8.4375
8.125 7.5 8.125 8.125 8.75 7.5 8.75 8.125 8.4375 7.8125
8.125 8.125 8.125 8.75 8.75 8.125 8.75 8.75 8.4375 8.4375
7.5 8.75 7.5 10 8.75 8.75 8.75 10 8.125 9.375
8.75 7.5 8.75 8.75 10 7.5 10 8.75 9.375 8.125
8.75 7.5 8.75 8.125 9.375 7.5 9.375 8.125 9.0625 7.8125
8.75 7.5 8.75 7.8125 9.0625 7.5 9.0625 7.8125 8.90625 7.65625
8.75 7.8125 8.75 8.125 9.0625 7.8125 9.0625 8.125 8.90625 7.96875
9.0625 7.5 9.0625 7.8125 9.375 7.5 9.375 7.8125 9.21875 7.65625
9.0625 7.8125 9.0625 8.125 9.375 7.8125 9.375 8.125 9.21875 7.96875
8.75 8.125 8.75 8.75 9.375 8.125 9.375 8.75 9.0625 8.4375
9.375 7.5 9.375 8.125 10 7.5 10 8.125 9.6875 7.8125
9.375 8.125 9.375 8.75 10 8.125 10 8.75 9.6875 8.4375
8.75 8.75 8.75 10 10 8.75 10 10 9.375 9.375
8.75 8.75 8.75 9.375 9.375 8.75 9.375 9.375 9.0625 9.0625
8.75 9.375 8.75 10 9.375 9.375 9.375 10 9.0625 9.6875
9.375 8.75 9.375 9.375 10 8.75 10 9.375 9.6875 9.0625
9.375 8.75 9.375 9.0625 9.6875 8.75 9.6875 9.0625 9.53125 8.90625
9.375 9.0625 9.375 9.375 9.6875 9.0625 9.6875 9.375 9.53125 9.21875
9.6875 8.75 9.6875 9.0625 10 8.75 10 9.0625 9.84375 8.90625
9.6875 9.0625 9.6875 9.375 10 9.0625 10 9.375 9.84375 9.21875
9.375 9.375 9.375 10 10 9.375 10 10 9.6875 9.6875
0 0 0 5 5 0 5 5 2.5 2.5
0 0 0 2.5 2.5 0 2.5 2.5 1.25 1.25
0 0 0 1.25 1.25 0 1.25 1.25 0.625 0.625
0 1.25 0 2.5 1.25 1.25 1.25 2.5 0.625 1.875
1.25 0 1.25 1.25 2.5 0 2.5 1.25 1.875 0.625
1.25 0 1.25 0.625 1.875 0 1.875 0.625 1.5625 0.3125
1.25 0.625 1.25 1.25 1.875 0.625 1.875 1.25 1.5625 0.9375
1.25 0.625 1.25 0.9375 1.5625 0.625 1.5625 0.9375 1.40625 0.78125
1.25 0.9375 1.25 1.25 1.5625 0.9375 1.5625 1.25 1.40625 1.09375
1.5625 0.625 1.5625 0.9375 1.875 0.625 1.875 0.9375 1.71875 0.78125
1.5625 0.9375 1.5625 1.25 1.875 0.9375 1.875 1.25 1.71875 1.09375
1.875 0 1.875 0.625 2.5 0 2.5 0.625 2.1875 0.3125
1.875 0.625 1.875 1.25 2.5 0.625 2.5 1.25 2.1875 0.9375
1.25 1.25 1.25 2.5 2.5 1.25 2.5 2.5 1.875 1.875
0 2.5 0 5 2.5 2.5 2.5 5 1.25 3.75
0 2.5 0 3.75 1.25 2.5 1.25 3.75 0.625 3.125
0 3.75 0 5 1.25 3.75 1.25 5 0.625 4.375
0 3.75 0 4.375 0.625 3.75 0.625 4.375 0.3125 4.0625
0 4.375 0 5 0.625 4.375 0.625 5 0.3125 4.6875
0.625 3.75 0.625 4.375 1.25 3.75 1.25 4.375 0.9375 4.0625
0.625 4.375 0.625 5 1.25 4.375 1.25 5 0.9375 4.6875
1.25 2.5 1.25 3.75 2.5 2.5 2.5 3.75 1.875 3.125
1.25 2.5 1.25 3.125 1.875 2.5 1.875 3.125 1.5625 2.8125
1.25 3.125 1.25 3.75 1.875 3.125 1.875 3.75 1.5625 3.4375
1.875 2.5 1.875 3.125 2.5 2.5 2.5 3.125 2.1875 2.8125
1.875 3.125 1.875 3.75 2.5 3.125 2.5 3.75 2.1875 3.4375
1.25 3.75 1.25 5 2.5 3.75 2.5 5 1.875 4.375
2.5 0 2.5 2.5 5 0 5 2.5 3.75 1.25
2.5 0 2.5 1.25 3.75 0 3.75 1.25 3.125 0.625
2.5 0 2.5 0.625 3.125 0 3.125 0.625 2.8125 0.3125
2.5 0.625 2.5 1.25 3.125 0.625 3.125 1.25 2.8125 0.9375
3.125 0 3.125 0.625 3.75 0 3.75 0.625 3.4375 0.3125
3.125 0 3.125 0.3125 3.4375 0 3.4375 0.3125 3.28125 0.15625
3.125 0 3.125 0.15625 3.28125 0 3.28125 0.15625 3.20313 0.078125
3.125 0.15625 3.125 0.3125 3.28125 0.15625 3.28125 0.3125 3.20313 0.234375
3.28125 0 3.28125 0.15625 3.4375 0 3.4375 0.15625 3.35938 0.078125
3.28125 0.15625 3.28125 0.3125 3.4375 0.15625 3.4375 0.3125 3.35938 0.234375
3.125 0.3125 3.125 0.625 3.4375 0.3125 3.4375 0.625 3.28125 0.46875
3.4375 0 3.4375 0.3125 3.75 0 3.75 0.3125 3.59375 0.15625
3.4375 0.3125 3.4375 0.625 3.75 0.3125 3.75 0.625 3.59375 0.46875
3.125 0.625 3.125 1.25 3.75 0.625 3.75 1.25 3.4375 0.9375
3.125 0.625 3.125 0.9375 3.4375 0.625 3.4375 0.9375 3.28125 0.78125
3.125 0.9375 3.125 1.25 3.4375 0.9375 3.4375 1.25 3.28125 1.09375
3.4375 0.625 3.4375 0.9375 3.75 0.625 3.75 0.9375 3.59375 0.78125
3.4375 0.9375 3.4375 1.25 3.75 0.9375 3.75 1.25 3.59375 1.09375
2.5 1.25 2.5 2.5 3.75 1.25 3.75 2.5 3.125 1.875
3.75 0 3.75 1.25 5 0 5 1.25 4.375 0.625
3.75 1.25 3.75 2.5 5 1.25 5 2.5 4.375 1.875
3.75 1.25 3.75 1.875 4.375 1.25 4.375 1.875 4.0625 1.5625
3.75 1.875 3.75 2.5 4.375 1.875 4.375 2.5 4.0625 2.1875
4.375 1.25 4.375 1.875 5 1.25 5 1.875 4.6875 1.5625
4.375 1.875 4.375 2.5 5 1.875 5 2.5 4.6875 2.1875
2.5 2.5 2.5 5 5 2.5 5 5 3.75 3.75
2.5 2.5 2.5 3.75 3.75 2.5 3.75 3.75 3.125 3.125
2.5 2.5 2.5 3.125 3.125 2.5 3.125 3.125 2.8125 2.8125
2.5 3.125 2.5 3.75 3.125 3.125 3.125 3.75 2.8125 3.4375
3.125 2.5 3.125 3.125 3.75 2.5 3.75 3.125 3.4375 2.8125
3.125 3.125 3.125 3.75 3.75 3.125 3.75 3.75 3.4375 3.4375
2.5 3.75 2.5 5 3.75 3.75 3.75 5 3.125 4.375
3.75 2.5 3.75 3.75 5 2.5 5 3.75 4.375 3.125
3.75 2.5 3.75 3.125 4.375 2.5 4.375 3.125 4.0625 2.8125
3.75 3.125 3.75 3.75 4.375 3.125 4.375 3.75 4.0625 3.4375
4.375 2.5 4.375 3.125 5 2.5 5 3.125 4.6875 2.8125
4.375 3.125 4.375 3.75 5 3.125 5 3.75 4.6875 3.4375
3.75 3.75 3.75 5 5 3.75 5 5 4.375 4.375
3.75 3.75 3.75 4.375 4.375 3.75 4.375 4.375 4.0625 4.0625
3.75 4.375 3.75 5 4.375 4.375 4.375 5 4.0625 4.6875
4.375 3.75 4.375 4.375 5 3.75 5 4.375 4.6875 4.0625
4.375 3.75 4.375 4.0625 4.6875 3.75 4.6875 4.0625 4.53125 3.90625
4.375 3.75 4.375 3.90625 4.53125 3.75 4.53125 3.90625 4.45313 3.82813
4.375 3.90625 4.375 4.0625 4.53125 3.90625 4.53125 4.0625 4.45313 3.98438
4.53125 3.75 4.53125 3.90625 4.6875 3.75 4.6875 3.90625 4.60938 3.82813
4.53125 3.90625 4.53125 4.0625 4.6875 3.90625 4.6875 4.0625 4.60938 3.98438
4.375 4.0625 4.375 4.375 4.6875 4.0625 4.6875 4.375 4.53125 4.21875
4.6875 3.75 4.6875 4.0625 5 3.75 5 4.0625 4.84375 3.90625
4.6875 4.0625 4.6875 4.375 5 4.0625 5 4.375 4.84375 4.21875
4.375 4.375 4.375 5 5 4.375 5 5 4.6875 4.6875
0 5 0 10 5 5 5 10 2.5 7.5
0 5 0 7.5 2.5 5 2.5 7.5 1.25 6.25
0 5 0 6.25 1.25 5 1.25 6.25 0.625 5.625
0 6.25 0 7.5 1.25 6.25 1.25 7.5 0.625 6.875
1.25 5 1.25 6.25 2.5 5 2.5 6.25 1.875 5.625
1.25 5 1.25 5.625 1.875 5 1.875 5.625 1.5625 5.3125
1.25 5 1.25 5.3125 1.5625 5 1.5625 5.3125 1.40625 5.15625
1.25 5.3125 1.25 5.625 1.5625 5.3125 1.5625 5.625 1.40625 5.46875
1.5625 5 1.5625 5.3125 1.875 5 1.875 5.3125 1.71875 5.15625
1.5625 5.3125 1.5625 5.625 1.875 5.3125 1.875 5.625 1.71875 5.46875
1.25 5.625 1.25 6.25 1.875 5.625 1.875 6.25 1.5625 5.9375
1.875 5 1.875 5.625 2.5 5 2.5 5.625 2.1875 5.3125
1.875 5.625 1.875 6.25 2.5 5.625 2.5 6.25 2.1875 5.9375
1.25 6.25 1.25 7.5 2.5 6.25 2.5 7.5 1.875 6.875
0 7.5 0 10 2.5 7.5 2.5 10 1.25 8.75
0 7.5 0 8.75 1.25 7.5 1.25 8.75 0.625 8.125
0 7.5 0 8.125 0.625 7.5 0.625 8.125 0.3125 7.8125
0 8.125 0 8.75 0.625 8.125 0.625 8.75 0.3125 8.4375
0 8.125 0 8.4375 0.3125 8.125 0.3125 8.4375 0.15625 8.28125
0 8.4375 0 8.75 0.3125 8.4375 0.3125 8.75 0.15625 8.59375
0.3125 8.125 0.3125 8.4375 0.625 8.125 0.625 8.4375 0.46875 8.28125
0.3125 8.125 0.3125 8.28125 0.46875 8.125 0.46875 8.28125 0.390625 8.20313
0.3125 8.28125 0.3125 8.4375 0.46875 8.28125 0.46875 8.4375 0.390625 8.35938
0.46875 8.125 0.46875 8.28125 0.625 8.125 0.625 8.28125 0.546875 8.20313
0.46875 8.28125 0.46875 8.4375 0.625 8.28125 0.625 8.4375 0.546875 8.35938
0.3125 8.4375 0.3125 8.75 0.625 8.4375 0.625 8.75 0.46875 8.59375
0.625 7.5 0.625 8.125 1.25 7.5 1.25 8.125 0.9375 7.8125
0.625 8.125 0.625 8.75 1.25 8.125 1.25 8.75 0.9375 8.4375
0 8.75 0 10 1.25 8.75 1.25 10 0.625 9.375
1.25 7.5 1.25 8.75 2.5 7.5 2.5 8.75 1.875 8.125
1.25 7.5 1.25 8.125 1.875 7.5 1.875 8.125 1.5625 7.8125
1.25 7.5 1.25 7.8125 1.5625 7.5 1.5625 7.8125 1.40625 7.65625
1.25 7.8125 1.25 8.125 1.5625 7.8125 1.5625 8.125 1.40625 7.96875
1.5625 7.5 1.5625 7.8125 1.875 7.5 1.875 7.8125 1.71875 7.65625
1.5625 7.8125 1.5625 8.125 1.875 7.8125 1.875 8.125 1.71875 7.96875
1.25 8.125 1.25 8.75 1.875 8.125 1.875 8.75 1.5625 8.4375
1.875 7.5 1.875 8.125 2.5 7.5 2.5 8.125 2.1875 7.8125
1.875 8.125 1.875 8.75 2.5 8.125 2.5 8.75 2.1875 8.4375
1.25 8.75 1.25 10 2.5 8.75 2.5 10 1.875 9.375
1.25 8.75 1.25 9.375 1.875 8.75 1.875 9.375 1.5625 9.0625
1.25 9.375 1.25 10 1.875 9.375 1.875 10 1.5625 9.6875
1.875 8.75 1.875 9.375 2.5 8.75 2.5 9.375 2.1875 9.0625
1.875 9.375 1.875 10 2.5 9.375 2.5 10 2.1875 9.6875
2.5 5 2.5 7.5 5 5 5 7.5 3.75 6.25
2.5 5 2.5 6.25 3.75 5 3.75 6.25 3.125 5.625
2.5 6.25 2.5 7.5 3.75 6.25 3.75 7.5 3.125 6.875
3.75 5 3.75 6.25 5 5 5 6.25 4.375 5.625
3.75 6.25 3.75 7.5 5 6.25 5 7.5 4.375 6.875
2.5 7.5 2.5 10 5 7.5 5 10 3.75 8.75
2.5 7.5 2.5 8.75 3.75 7.5 3.75 8.75 3.125 8.125
2.5 8.75 2.5 10 3.75 8.75 3.75 10 3.125 9.375
2.5 8.75 2.5 9.375 3.125 8.75 3.125 9.375 2.8125 9.0625
2.5 9.375 2.5 10 3.125 9.375 3.125 10 2.8125 9.6875
3.125 8.75 3.125 9.375 3.75 8.75 3.75 9.375 3.4375 9.0625
3.125 8.75 3.125 9.0625 3.4375 8.75 3.4375 9.0625 3.28125 8.90625
3.125 9.0625 3.125 9.375 3.4375 9.0625 3.4375 9.375 3.28125 9.21875
3.4375 8.75 3.4375 9.0625 3.75 8.75 3.75 9.0625 3.59375 8.90625
3.4375 9.0625 3.4375 9.375 3.75 9.0625 3.75 9.375 3.59375 9.21875
3.4375 9.0625 3.4375 9.21875 3.59375 9.0625 3.59375 9.21875 3.51563 9.14063
3.4375 9.0625 3.4375 9.14063 3.51563 9.0625 3.51563 9.14063 3.47656 9.10156
3.4375 9.14063 3.4375 9.21875 3.51563 9.14063 3.51563 9.21875 3.47656 9.17969
3.51563 9.0625 3.51563 9.14063 3.59375 9.0625 3.59375 9.14063 3.55469 9.10156
3.51563 9.14063 3.51563 9.21875 3.59375 9.14063 3.59375 9.21875 3.55469 9.17969
3.4375 9.21875 3.4375 9.375 3.59375 9.21875 3.59375 9.375 3.51563 9.29688
3.59375 9.0625 3.59375 9.21875 3.75 9.0625 3.75 9.21875 3.67188 9.14063
3.59375 9.21875 3.59375 9.375 3.75 9.21875 3.75 9.375 3.67188 9.29688
3.125 9.375 3.125 10 3.75 9.375 3.75 10 3.4375 9.6875
3.125 9.375 3.125 9.6875 3.4375 9.375 3.4375 9.6875 3.28125 9.53125
3.125 9.6875 3.125 10 3.4375 9.6875 3.4375 10 3.28125 9.84375
3.4375 9.375 3.4375 9.6875 3.75 9.375 3.75 9.6875 3.59375 9.53125
3.4375 9.6875 3.4375 10 3.75 9.6875 3.75 10 3.59375 9.84375
3.75 7.5 3.75 8.75 5 7.5 5 8.75 4.375 8.125
3.75 8.75 3.75 10 5 8.75 5 10 4.375 9.375
5 0 5 5 10 0 10 5 7.5 2.5
5 0 5 2.5 7.5 0 7.5 2.5 6.25 1.25
5 0 5 1.25 6.25 0 6.25 1.25 5.625 0.625
5 0 5 0.625 5.625 0 5.625 0.625 5.3125 0.3125
5 0 5 0.3125 5.3125 0 5.3125 0.3125 5.15625 0.15625
5 0.3125 5 0.625 5.3125 0.3125 5.3125 0.625 5.15625 0.46875
5.3125 0 5.3125 0.3125 5.625 0 5.625 0.3125 5.46875 0.15625
5.3125 0.3125 5.3125 0.625 5.625 0.3125 5.625 0.625 5.46875 0.46875
5 0.625 5 1.25 5.625 0.625 5.625 1.25 5.3125 0.9375
5.625 0 5.625 0.625 6.25 0 6.25 0.625 5.9375 0.3125
5.625 0.625 5.625 1.25 6.25 0.625 6.25 1.25 5.9375 0.9375
5 1.25 5 2.5 6.25 1.25 6.25 2.5 5.625 1.875
5 1.25 5 1.875 5.625 1.25 5.625 1.875 5.3125 1.5625
5 1.875 5 2.5 5.625 1.875 5.625 2.5 5.3125 2.1875
5.625 1.25 5.625 1.875 6.25 1.25 6.25 1.875 5.9375 1.5625
5.625 1.875 5.625 2.5 6.25 1.875 6.25 2.5 5.9375 2.1875
6.25 0 6.25 1.25 7.5 0 7.5 1.25 6.875 0.625
6.25 1.25 6.25 2.5 7.5 1.25 7.5 2.5 6.875 1.875
5 2.5 5 5 7.5 2.5 7.5 5 6.25 3.75
5 2.5 5 3.75 6.25 2.5 6.25 3.75 5.625 3.125
5 3.75 5 5 6.25 3.75 6.25 5 5.625 4.375
5 3.75 5 4.375 5.625 3.75 5.625 4.375 5.3125 4.0625
5 3.75 5 4.0625 5.3125 3.75 5.3125 4.0625 5.15625 3.90625
5 4.0625 5 4.375 5.3125 4.0625 5.3125 4.375 5.15625 4.21875
5.3125 3.75 5.3125 4.0625 5.625 3.75 5.625 4.0625 5.46875 3.90625
5.3125 4.0625 5.3125 4.375 5.625 4.0625 5.625 4.375 5.46875 4.21875
5 4.375 5 5 5.625 4.375 5.625 5 5.3125 4.6875
5.625 3.75 5.625 4.375 6.25 3.75 6.25 4.375 5.9375 4.0625
5.625 4.375 5.625 5 6.25 4.375 6.25 5 5.9375 4.6875
6.25 2.5 6.25 3.75 7.5 2.5 7.5 3.75 6.875 3.125
6.25 2.5 6.25 3.125 6.875 2.5 6.875 3.125 6.5625 2.8125
6.25 3.125 6.25 3.75 6.875 3.125 6.875 3.75 6.5625 3.4375
6.875 2.5 6.875 3.125 7.5 2.5 7.5 3.125 7.1875 2.8125
6.875 3.125 6.875 3.75 7.5 3.125 7.5 3.75 7.1875 3.4375
6.25 3.75 6.25 5 7.5 3.75 7.5 5 6.875 4.375
7.5 0 7.5 2.5 10 0 10 2.5 8.75 1.25
7.5 0 7.5 1.25 8.75 0 8.75 1.25 8.125 0.625
7.5 0 7.5 0.625 8.125 0 8.125 0.625 7.8125 0.3125
7.5 0.625 7.5 1.25 8.125 0.625 8.125 1.25 7.8125 0.9375
7.5 0.625 7.5 0.9375 7.8125 0.625 7.8125 0.9375 7.65625 0.78125
7.5 0.9375 7.5 1.25 7.8125 0.9375 7.8125 1.25 7.65625 1.09375
7.8125 0.625 7.8125 0.9375 8.125 0.625 8.125 0.9375 7.96875 0.78125
7.8125 0.9375 7.8125 1.25 8.125 0.9375 8.125 1.25 7.96875 1.09375
8.125 0 8.125 0.625 8.75 0 8.75 0.625 8.4375 0.3125
8.125 0.625 8.125 1.25 8.75 0.625 8.75 1.25 8.4375 0.9375
7.5 1.25 7.5 2.5 8.75 1.25 8.75 2.5 8.125 1.875
8.75 0 8.75 1.25 10 0 10 1.25 9.375 0.625
8.75 0 8.75 0.625 9.375 0 9.375 0.625 9.0625 0.3125
8.75 0.625 8.75 1.25 9.375 0.625 9.375 1.25 9.0625 0.9375
9.375 0 9.375 0.625 10 0 10 0.625 9.6875 0.3125
9.375 0 9.375 0.3125 9.6875 0 9.6875 0.3125 9.53125 0.15625
9.375 0 9.375 0.15625 9.53125 0 9.53125 0.15625 9.45313 0.078125
9.375 0.15625 9.375 0.3125 9.53125 0.15625 9.53125 0.3125 9.45313 0.234375
9.53125 0 9.53125 0.15625 9.6875 0 9.6875 0.15625 9.60938 0.078125
9.53125 0.15625 9.53125 0.3125 9.6875 0.15625 9.6875 0.3125 9.60938 0.234375
9.375 0.3125 9.375 0.625 9.6875 0.3125 9.6875 0.625 9.53125 0.46875
9.6875 0 9.6875 0.3125 10 0 10 0.3125 9.84375 0.15625
9.6875 0.3125 9.6875 0.625 10 0.3125 10 0.625 9.84375 0.46875
9.375 0.625 9.375 1.25 10 0.625 10 1.25 9.6875 0.9375
8.75 1.25 8.75 2.5 10 1.25 10 2.5 9.375 1.875
7.5 2.5 7.5 5 10 2.5 10 5 8.75 3.75
7.5 2.5 7.5 3.75 8.75 2.5 8.75 3.75 8.125 3.125
7.5 2.5 7.5 3.125 8.125 2.5 8.125 3.125 7.8125 2.8125
7.5 3.125 7.5 3.75 8.125 3.125 8.125 3.75 7.8125 3.4375
7.5 3.125 7.5 3.4375 7.8125 3.125 7.8125 3.4375 7.65625 3.28125
7.5 3.125 7.5 3.28125 7.65625 3.125 7.65625 3.28125 7.57813 3.20313
7.5 3.28125 7.5 3.4375 7.65625 3.28125 7.65625 3.4375 7.57813 3.35938
7.65625 3.125 7.65625 3.28125 7.8125 3.125 7.8125 3.28125 7.73438 3.20313
7.65625 3.28125 7.65625 3.4375 7.8125 3.28125 7.8125 3.4375 7.73438 3.35938
7.5 3.4375 7.5 3.75 7.8125 3.4375 7.8125 3.75 7.65625 3.59375
7.8125 3.125 7.8125 3.4375 8.125 3.125 8.125 3.4375 7.96875 3.28125
7.8125 3.4375 7.8125 3.75 8.125 3.4375 8.125 3.75 7.96875 3.59375
8.125 2.5 8.125 3.125 8.75 2.5 8.75 3.125 8.4375 2.8125
8.125 3.125 8.125 3.75 8.75 3.125 8.75 3.75 8.4375 3.4375
7.5 3.75 7.5 5 8.75 3.75 8.75 5 8.125 4.375
7.5 3.75 7.5 4.375 8.125 3.75 8.125 4.375 7.8125 4.0625
7.5 4.375 7.5 5 8.125 4.375 8.125 5 7.8125 4.6875
8.125 3.75 8.125 4.375 8.75 3.75 8.75 4.375 8.4375 4.0625
8.125 4.375 8.125 5 8.75 4.375 8.75 5 8.4375 4.6875
8.75 2.5 8.75 3.75 10 2.5 10 3.75 9.375 3.125
8.75 2.5 8.75 3.125 9.375 2.5 9.375 3.125 9.0625 2.8125
8.75 3.125 8.75 3.75 9.375 3.125 9.375 3.75 9.0625 3.4375
9.375 2.5 9.375 3.125 10 2.5 10 3.125 9.6875 2.8125
9.375 3.125 9.375 3.75 10 3.125 10 3.75 9.6875 3.4375
8.75 3.75 8.75 5 10 3.75 10 5 9.375 4.375
8.75 3.75 8.75 4.375 9.375 3.75 9.375 4.375 9.0625 4.0625
8.75 4.375 8.75 5 9.375 4.375 9.375 5 9.0625 4.6875
8.75 4.375 8.75 4.6875 9.0625 4.375 9.0625 4.6875 8.90625 4.53125
8.75 4.6875 8.75 5 9.0625 4.6875 9.0625 5 8.90625 4.84375
9.0625 4.375 9.0625 4.6875 9.375 4.375 9.375 4.6875 9.21875 4.53125
9.0625 4.375 9.0625 4.53125 9.21875 4.375 9.21875 4.53125 9.14063 4.45313
9.0625 4.375 9.0625 4.45313 9.14063 4.375 9.14063 4.45313 9.10156 4.41406
9.0625 4.45313 9.0625 4.53125 9.14063 4.45313 9.14063 4.53125 9.10156 4.49219
9.14063 4.375 9.14063 4.45313 9.21875 4.375 9.21875 4.45313 9.17969 4.41406
9.14063 4.45313 9.14063 4.53125 9.21875 4.45313 9.21875 4.53125 9.17969 4.49219
9.0625 4.53125 9.0625 4.6875 9.21875 4.53125 9.21875 4.6875 9.14063 4.60938
9.21875 4.375 9.21875 4.53125 9.375 4.375 9.375 4.53125 9.29688 4.45313
9.21875 4.53125 9.21875 4.6875 9.375 4.53125 9.375 4.6875 9.29688 4.60938
9.0625 4.6875 9.0625 5 9.375 4.6875 9.375 5 9.21875 4.84375
9.375 3.75 9.375 4.375 10 3.75 10 4.375 9.6875 4.0625
9.375 4.375 9.375 5 10 4.375 10 5 9.6875 4.6875
5 5 5 10 10 5 10 10 7.5 7.5
5 5 5 7.5 7.5 5 7.5 7.5 6.25 6.25
5 5 5 6.25 6.25 5 6.25 6.25 5.625 5.625
5 6.25 5 7.5 6.25 6.25 6.25 7.5 5.625 6.875
6.25 5 6.25 6.25 7.5 5 7.5 6.25 6.875 5.625
6.25 6.25 6.25 7.5 7.5 6.25 7.5 7.5 6.875 6.875
5 7.5 5 10 7.5 7.5 7.5 10 6.25 8.75
5 7.5 5 8.75 6.25 7.5 6.25 8.75 5.625 8.125
5 8.75 5 10 6.25 8.75 6.25 10 5.625 9.375
6.25 7.5 6.25 8.75 7.5 7.5 7.5 8.75 6.875 8.125
6.25 7.5 6.25 8.125 6.875 7.5 6.875 8.125 6.5625 7.8125
6.25 8.125 6.25 8.75 6.875 8.125 6.875 8.75 6.5625 8.4375
6.875 7.5 6.875 8.125 7.5 7.5 7.5 8.125 7.1875 7.8125
6.875 8.125 6.875 8.75 7.5 8.125 7.5 8.75 7.1875 8.4375
6.25 8.75 6.25 10 7.5 8.75 7.5 10 6.875 9.375
7.5 5 7.5 7.5 10 5 10 7.5 8.75 6.25
7.5 5 7.5 6.25 8.75 5 8.75 6.25 8.125 5.625
7.5 6.25 7.5 7.5 8.75 6.25 8.75 7.5 8.125 6.875
7.5 6.25 7.5 6.875 8.125 6.25 8.125 6.875 7.8125 6.5625
7.5 6.875 7.5 7.5 8.125 6.875 8.125 7.5 7.8125 7.1875
8.125 6.25 8.125 6.875 8.75 6.25 8.75 6.875 8.4375 6.5625
8.125 6.875 8.125 7.5 8.75 6.875 8.75 7.5 8.4375 7.1875
8.75 5 8.75 6.25 10 5 10 6.25 9.375 5.625
8.75 6.25 8.75 7.5 10 6.25 10 7.5 9.375 6.875
7.5 7.5 7.5 10 10 7.5 10 10 8.75 8.75
7.5 7.5 7.5 8.75 8.75 7.5 8.75 8.75 8.125 8.125
7.5 7.5 7.5 8.125 8.125 7.5 8.125 8.125 7.8125 7.8125
7.5 8.125 7.5 8.75 8.125 8.125 8.125 8.75 7.8125 8.4375
8.125 7.5 8.125 8.125 8.75 7.5 8.75 8.125 8.4375 7.8125
8.125 8.125 8.125 8.75 8.75 8.125 8.75 8.75 8.4375 8.4375
7.5 8.75 7.5 10 8.75 8.75 8.75 10 8.125 9.375
8.75 7.5 8.75 8.75 10 7.5 10 8.75 9.375 8.125
8.75 8.75 8.75 10 10 8.75 10 10 9.375 9.375
8.75 8.75 8.75 9.375 9.375 8.75 9.375 9.375 9.0625 9.0625
8.75 9.375 8.75 10 9.375 9.375 9.375 10 9.0625 9.6875
9.375 8.75 9.375 9.375 10 8.75 10 9.375 9.6875 9.0625
9.375 9.375 9.375 10 10 9.375 10 10 9.6875 9.6875
0 0 0 5 5 0 5 5 2.5 2.5
0 0 0 2.5 2.5 0 2.5 2.5 1.25 1.25
0 0 0 1.25 1.25 0 1.25 1.25 0.625 0.625
0 0 0 0.625 0.625 0 0.625 0.625 0.3125 0.3125
0 0 0 0.3125 0.3125 0 0.3125 0.3125 0.15625 0.15625
0 0.3125 0 0.625 0.3125 0.3125 0.3125 0.625 0.15625 0.46875
0.3125 0 0.3125 0.3125 0.625 0 0.625 0.3125 0.46875 0.15625
0.3125 0.3125 0.3125 0.625 0.625 0.3125 0.625 0.625 0.46875 0.46875
0 0.625 0 1.25 0.625 0.625 0.625 1.25 0.3125 0.9375
0.625 0 0.625 0.625 1.25 0 1.25 0.625 0.9375 0.3125
0.625 0.625 0.625 1.25 1.25 0.625 1.25 1.25 0.9375 0.9375
0 1.25 0 2.5 1.25 1.25 1.25 2.5 0.625 1.875
0 1.25 0 1.875 0.625 1.25 0.625 1.875 0.3125 1.5625
0 1.875 0 2.5 0.625 1.875 0.625 2.5 0.3125 2.1875
0.625 1.25 0.625 1.875 1.25 1.25 1.25 1.875 0.9375 1.5625
0.625 1.875 0.625 2.5 1.25 1.875 1.25 2.5 0.9375 2.1875
0.625 1.875 0.625 2.1875 0.9375 1.875 0.9375 2.1875 0.78125 2.03125
0.625 2.1875 0.625 2.5 0.9375 2.1875 0.9375 2.5 0.78125 2.34375
0.9375 1.875 0.9375 2.1875 1.25 1.875 1.25 2.1875 1.09375 2.03125
0.9375 2.1875 0.9375 2.5 1.25 2.1875 1.25 2.5 1.09375 2.34375
1.25 0 1.25 1.25 2.5 0 2.5 1.25 1.875 0.625
1.25 0 1.25 0.625 1.875 0 1.875 0.625 1.5625 0.3125
1.25 0.625 1.25 1.25 1.875 0.625 1.875 1.25 1.5625 0.9375
1.875 0 1.875 0.625 2.5 0 2.5 0.625 2.1875 0.3125
1.875 0.625 1.875 1.25 2.5 0.625 2.5 1.25 2.1875 0.9375
1.25 1.25 1.25 2.5 2.5 1.25 2.5 2.5 1.875 1.875
0 2.5 0 5 2.5 2.5 2.5 5 1.25 3.75
0 2.5 0 3.75 1.25 2.5 1.25 3.75 0.625 3.125
0 3.75 0 5 1.25 3.75 1.25 5 0.625 4.375
1.25 2.5 1.25 3.75 2.5 2.5 2.5 3.75 1.875 3.125
1.25 3.75 1.25 5 2.5 3.75 2.5 5 1.875 4.375
1.25 3.75 1.25 4.375 1.875 3.75 1.875 4.375 1.5625 4.0625
1.25 4.375 1.25 5 1.875 4.375 1.875 5 1.5625 4.6875
1.875 3.75 1.875 4.375 2.5 3.75 2.5 4.375 2.1875 4.0625
1.875 4.375 1.875 5 2.5 4.375 2.5 5 2.1875 4.6875
2.5 0 2.5 2.5 5 0 5 2.5 3.75 1.25
2.5 0 2.5 1.25 3.75 0 3.75 1.25 3.125 0.625
2.5 1.25 2.5 2.5 3.75 1.25 3.75 2.5 3.125 1.875
3.75 0 3.75 1.25 5 0 5 1.25 4.375 0.625
3.75 0 3.75 0.625 4.375 0 4.375 0.625 4.0625 0.3125
3.75 0.625 3.75 1.25 4.375 0.625 4.375 1.25 4.0625 0.9375
3.75 0.625 3.75 0.9375 4.0625 0.625 4.0625 0.9375 3.90625 0.78125
3.75 0.9375 3.75 1.25 4.0625 0.9375 4.0625 1.25 3.90625 1.09375
4.0625 0.625 4.0625 0.9375 4.375 0.625 4.375 0.9375 4.21875 0.78125
4.0625 0.9375 4.0625 1.25 4.375 0.9375 4.375 1.25 4.21875 1.09375
4.375 0 4.375 0.625 5 0 5 0.625 4.6875 0.3125
4.375 0.625 4.375 1.25 5 0.625 5 1.25 4.6875 0.9375
3.75 1.25 3.75 2.5 5 1.25 5 2.5 4.375 1.875
3.75 1.25 3.75 1.875 4.375 1.25 4.375 1.875 4.0625 1.5625
3.75 1.875 3.75 2.5 4.375 1.875 4.375 2.5 4.0625 2.1875
4.375 1.25 4.375 1.875 5 1.25 5 1.875 4.6875 1.5625
4.375 1.875 4.375 2.5 5 1.875 5 2.5 4.6875 2.1875
2.5 2.5 2.5 5 5 2.5 5 5 3.75 3.75
2.5 2.5 2.5 3.75 3.75 2.5 3.75 3.75 3.125 3.125
2.5 3.75 2.5 5 3.75 3.75 3.75 5 3.125 4.375
3.75 2.5 3.75 3.75 5 2.5 5 3.75 4.375 3.125
3.75 3.75 3.75 5 5 3.75 5 5 4.375 4.375
0 5 0 10 5 5 5 10 2.5 7.5
0 5 0 7.5 2.5 5 2.5 7.5 1.25 6.25
0 5 0 6.25 1.25 5 1.25 6.25 0.625 5.625
0 5 0 5.625 0.625 5 0.625 5.625 0.3125 5.3125
0 5 0 5.3125 0.3125 5 0.3125 5.3125 0.15625 5.15625
0 5.3125 0 5.625 0.3125 5.3125 0.3125 5.625 0.15625 5.46875
0.3125 5 0.3125 5.3125 0.625 5 0.625 5.3125 0.46875 5.15625
0.3125 5 0.3125 5.15625 0.46875 5 0.46875 5.15625 0.390625 5.07813
0.3125 5.15625 0.3125 5.3125 0.46875 5.15625 0.46875 5.3125 0.390625 5.23438
0.46875 5 0.46875 5.15625 0.625 5 0.625 5.15625 0.546875 5.07813
0.46875 5.15625 0.46875 5.3125 0.625 5.15625 0.625 5.3125 0.546875 5.23438
0.3125 5.3125 0.3125 5.625 0.625 5.3125 0.625 5.625 0.46875 5.46875
0 5.625 0 6.25 0.625 5.625 0.625 6.25 0.3125 5.9375
0 5.625 0 5.9375 0.3125 5.625 0.3125 5.9375 0.15625 5.78125
0 5.9375 0 6.25 0.3125 5.9375 0.3125 6.25 0.15625 6.09375
0.3125 5.625 0.3125 5.9375 0.625 5.625 0.625 5.9375 0.46875 5.78125
0.3125 5.625 0.3125 5.78125 0.46875 5.625 0.46875 5.78125 0.390625 5.70313
0.3125 5.78125 0.3125 5.9375 0.46875 5.78125 0.46875 5.9375 0.390625 5.85938
0.46875 5.625 0.46875 5.78125 0.625 5.625 0.625 5.78125 0.546875 5.70313
0.46875 5.78125 0.46875 5.9375 0.625 5.78125 0.625 5.9375 0.546875 5.85938
0.46875 5.78125 0.46875 5.85938 0.546875 5.78125 0.546875 5.85938 0.507813 5.82031
0.46875 5.85938 0.46875 5.9375 0.546875 5.85938 0.546875 5.9375 0.507813 5.89844
0.546875 5.78125 0.546875 5.85938 0.625 5.78125 0.625 5.85938 0.585938 5.82031
0.546875 5.85938 0.546875 5.9375 0.625 5.85938 0.625 5.9375 0.585938 5.89844
0.3125 5.9375 0.3125 6.25 0.625 5.9375 0.625 6.25 0.46875 6.09375
0.625 5 0.625 5.625 1.25 5 1.25 5.625 0.9375 5.3125
0.625 5.625 0.625 6.25 1.25 5.625 1.25 6.25 0.9375 5.9375
0 6.25 0 7.5 1.25 6.25 1.25 7.5 0.625 6.875
0 6.25 0 6.875 0.625 6.25 0.625 6.875 0.3125 6.5625
0 6.875 0 7.5 0.625 6.875 0.625 7.5 0.3125 7.1875
0.625 6.25 0.625 6.875 1.25 6.25 1.25 6.875 0.9375 6.5625
0.625 6.875 0.625 7.5 1.25 6.875 1.25 7.5 0.9375 7.1875
1.25 5 1.25 6.25 2.5 5 2.5 6.25 1.875 5.625
1.25 6.25 1.25 7.5 2.5 6.25 2.5 7.5 1.875 6.875
1.25 6.25 1.25 6.875 1.875 6.25 1.875 6.875 1.5625 6.5625
1.25 6.875 1.25 7.5 1.875 6.875 1.875 7.5 1.5625 7.1875
1.875 6.25 1.875 6.875 2.5 6.25 2.5 6.875 2.1875 6.5625
1.875 6.25 1.875 6.5625 2.1875 6.25 2.1875 6.5625 2.03125 6.40625
1.875 6.5625 1.875 6.875 2.1875 6.5625 2.1875 6.875 2.03125 6.71875
2.1875 6.25 2.1875 6.5625 2.5 6.25 2.5 6.5625 2.34375 6.40625
2.1875 6.5625 2.1875 6.875 2.5 6.5625 2.5 6.875 2.34375 6.71875
1.875 6.875 1.875 7.5 2.5 6.875 2.5 7.5 2.1875 7.1875
0 7.5 0 10 2.5 7.5 2.5 10 1.25 8.75
0 7.5 0 8.75 1.25 7.5 1.25 8.75 0.625 8.125
0 7.5 0 8.125 0.625 7.5 0.625 8.125 0.3125 7.8125
0 8.125 0 8.75 0.625 8.125 0.625 8.75 0.3125 8.4375
0.625 7.5 0.625 8.125 1.25 7.5 1.25 8.125 0.9375 7.8125
0.625 7.5 0.625 7.8125 0.9375 7.5 0.9375 7.8125 0.78125 7.65625
0.625 7.8125 0.625 8.125 0.9375 7.8125 0.9375 8.125 0.78125 7.96875
0.9375 7.5 0.9375 7.8125 1.25 7.5 1.25 7.8125 1.09375 7.65625
0.9375 7.8125 0.9375 8.125 1.25 7.8125 1.25 8.125 1.09375 7.96875
0.625 8.125 0.625 8.75 1.25 8.125 1.25 8.75 0.9375 8.4375
0 8.75 0 10 1.25 8.75 1.25 10 0.625 9.375
0 8.75 0 9.375 0.625 8.75 0.625 9.375 0.3125 9.0625
0 9.375 0 10 0.625 9.375 0.625 10 0.3125 9.6875
0.625 8.75 0.625 9.375 1.25 8.75 1.25 9.375 0.9375 9.0625
0.625 9.375 0.625 10 1.25 9.375 1.25 10 0.9375 9.6875
1.25 7.5 1.25 8.75 2.5 7.5 2.5 8.75 1.875 8.125
1.25 8.75 1.25 10 2.5 8.75 2.5 10 1.875 9.375
2.5 5 2.5 7.5 5 5 5 7.5 3.75 6.25
2.5 5 2.5 6.25 3.75 5 3.75 6.25 3.125 5.625
2.5 6.25 2.5 7.5 3.75 6.25 3.75 7.5 3.125 6.875
2.5 6.25 2.5 6.875 3.125 6.25 3.125 6.875 2.8125 6.5625
2.5 6.875 2.5 7.5 3.125 6.875 3.125 7.5 2.8125 7.1875
3.125 6.25 3.125 6.875 3.75 6.25 3.75 6.875 3.4375 6.5625
3.125 6.875 3.125 7.5 3.75 6.875 3.75 7.5 3.4375 7.1875
3.75 5 3.75 6.25 5 5 5 6.25 4.375 5.625
3.75 6.25 3.75 7.5 5 6.25 5 7.5 4.375 6.875
2.5 7.5 2.5 10 5 7.5 5 10 3.75 8.75
2.5 7.5 2.5 8.75 3.75 7.5 3.75 8.75 3.125 8.125
2.5 7.5 2.5 8.125 3.125 7.5 3.125 8.125 2.8125 7.8125
2.5 8.125 2.5 8.75 3.125 8.125 3.125 8.75 2.8125 8.4375
3.125 7.5 3.125 8.125 3.75 7.5 3.75 8.125 3.4375 7.8125
3.125 8.125 3.125 8.75 3.75 8.125 3.75 8.75 3.4375 8.4375
2.5 8.75 2.5 10 3.75 8.75 3.75 10 3.125 9.375
2.5 8.75 2.5 9.375 3.125 8.75 3.125 9.375 2.8125 9.0625
2.5 9.375 2.5 10 3.125 9.375 3.125 10 2.8125 9.6875
3.125 8.75 3.125 9.375 3.75 8.75 3.75 9.375 3.4375 9.0625
3.125 9.375 3.125 10 3.75 9.375 3.75 10 3.4375 9.6875
3.125 9.375 3.125 9.6875 3.4375 9.375 3.4375 9.6875 3.28125 9.53125
3.125 9.6875 3.125 10 3.4375 9.6875 3.4375 10 3.28125 9.84375
3.4375 9.375 3.4375 9.6875 3.75 9.375 3.75 9.6875 3.59375 9.53125
3.4375 9.6875 3.4375 10 3.75 9.6875 3.75 10 3.59375 9.84375
3.75 7.5 3.75 8.75 5 7.5 5 8.75 4.375 8.125
3.75 8.75 3.75 10 5 8.75 5 10 4.375 9.375
5 0 5 5 10 0 10 5 7.5 2.5
5 0 5 2.5 7.5 0 7.5 2.5 6.25 1.25
5 0 5 1.25 6.25 0 6.25 1.25 5.625 0.625
5 1.25 5 2.5 6.25 1.25 6.25 2.5 5.625 1.875
6.25 0 6.25 1.25 7.5 0 7.5 1.25 6.875 0.625
6.25 0 6.25 0.625 6.875 0 6.875 0.625 6.5625 0.3125
6.25 0 6.25 0.3125 6.5625 0 6.5625 0.3125 6.40625 0.15625
6.25 0.3125 6.25 0.625 6.5625 0.3125 6.5625 0.625 6.40625 0.46875
6.5625 0 6.5625 0.3125 6.875 0 6.875 0.3125 6.71875 0.15625
6.5625 0.3125 6.5625 0.625 6.875 0.3125 6.875 0.625 6.71875 0.46875
6.25 0.625 6.25 1.25 6.875 0.625 6.875 1.25 6.5625 0.9375
6.875 0 6.875 0.625 7.5 0 7.5 0.625 7.1875 0.3125
6.875 0.625 6.875 1.25 7.5 0.625 7.5 1.25 7.1875 0.9375
6.25 1.25 6.25 2.5 7.5 1.25 7.5 2.5 6.875 1.875
5 2.5 5 5 7.5 2.5 7.5 5 6.25 3.75
5 2.5 5 3.75 6.25 2.5 6.25 3.75 5.625 3.125
5 2.5 5 3.125 5.625 2.5 5.625 3.125 5.3125 2.8125
5 3.125 5 3.75 5.625 3.125 5.625 3.75 5.3125 3.4375
5.625 2.5 5.625 3.125 6.25 2.5 6.25 3.125 5.9375 2.8125
5.625 2.5 5.625 2.8125 5.9375 2.5 5.9375 2.8125 5.78125 2.65625
5.625 2.8125 5.625 3.125 5.9375 2.8125 5.9375 3.125 5.78125 2.96875
5.9375 2.5 5.9375 2.8125 6.25 2.5 6.25 2.8125 6.09375 2.65625
5.9375 2.8125 5.9375 3.125 6.25 2.8125 6.25 3.125 6.09375 2.96875
5.625 3.125 5.625 3.75 6.25 3.125 6.25 3.75 5.9375 3.4375
5 3.75 5 5 6.25 3.75 6.25 5 5.625 4.375
6.25 2.5 6.25 3.75 7.5 2.5 7.5 3.75 6.875 3.125
6.25 2.5 6.25 3.125 6.875 2.5 6.875 3.125 6.5625 2.8125
6.25 3.125 6.25 3.75 6.875 3.125 6.875 3.75 6.5625 3.4375
6.25 3.125 6.25 3.4375 6.5625 3.125 6.5625 3.4375 6.40625 3.28125
6.25 3.4375 6.25 3.75 6.5625 3.4375 6.5625 3.75 6.40625 3.59375
6.5625 3.125 6.5625 3.4375 6.875 3.125 6.875 3.4375 6.71875 3.28125
6.5625 3.4375 6.5625 3.75 6.875 3.4375 6.875 3.75 6.71875 3.59375
6.875 2.5 6.875 3.125 7.5 2.5 7.5 3.125 7.1875 2.8125
6.875 3.125 6.875 3.75 7.5 3.125 7.5 3.75 7.1875 3.4375
6.25 3.75 6.25 5 7.5 3.75 7.5 5 6.875 4.375
7.5 0 7.5 2.5 10 0 10 2.5 8.75 1.25
7.5 0 7.5 1.25 8.75 0 8.75 1.25 8.125 0.625
7.5 1.25 7.5 2.5 8.75 1.25 8.75 2.5 8.125 1.875
8.75 0 8.75 1.25 10 0 10 1.25 9.375 0.625
8.75 0 8.75 0.625 9.375 0 9.375 0.625 9.0625 0.3125
8.75 0 8.75 0.3125 9.0625 0 9.0625 0.3125 8.90625 0.15625
8.75 0.3125 8.75 0.625 9.0625 0.3125 9.0625 0.625 8.90625 0.46875
9.0625 0 9.0625 0.3125 9.375 0 9.375 0.3125 9.21875 0.15625
9.0625 0.3125 9.0625 0.625 9.375 0.3125 9.375 0.625 9.21875 0.46875
8.75 0.625 8.75 1.25 9.375 0.625 9.375 1.25 9.0625 0.9375
9.375 0 9.375 0.625 10 0 10 0.625 9.6875 0.3125
9.375 0.625 9.375 1.25 10 0.625 10 1.25 9.6875 0.9375
8.75 1.25 8.75 2.5 10 1.25 10 2.5 9.375 1.875
8.75 1.25 8.75 1.875 9.375 1.25 9.375 1.875 9.0625 1.5625
8.75 1.25 8.75 1.5625 9.0625 1.25 9.0625 1.5625 8.90625 1.40625
8.75 1.5625 8.75 1.875 9.0625 1.5625 9.0625 1.875 8.90625 1.71875
8.75 1.5625 8.75 1.71875 8.90625 1.5625 8.90625 1.71875 8.82813 1.64063
8.75 1.71875 8.75 1.875 8.90625 1.71875 8.90625 1.875 8.82813 1.79688
8.90625 1.5625 8.90625 1.71875 9.0625 1.5625 9.0625 1.71875 8.98438 1.64063
8.90625 1.71875 8.90625 1.875 9.0625 1.71875 9.0625 1.875 8.98438 1.79688
8.90625 1.71875 8.90625 1.79688 8.98438 1.71875 8.98438 1.79688 8.94531 1.75781
8.90625 1.79688 8.90625 1.875 8.98438 1.79688 8.98438 1.875 8.94531 1.83594
8.98438 1.71875 8.98438 1.79688 9.0625 1.71875 9.0625 1.79688 9.02344 1.75781
8.98438 1.79688 8.98438 1.875 9.0625 1.79688 9.0625 1.875 9.02344 1.83594
9.0625 1.25 9.0625 1.5625 9.375 1.25 9.375 1.5625 9.21875 1.40625
9.0625 1.5625 9.0625 1.875 9.375 1.5625 9.375 1.875 9.21875 1.71875
8.75 1.875 8.75 2.5 9.375 1.875 9.375 2.5 9.0625 2.1875
9.375 1.25 9.375 1.875 10 1.25 10 1.875 9.6875 1.5625
9.375 1.875 9.375 2.5 10 1.875 10 2.5 9.6875 2.1875
7.5 2.5 7.5 5 10 2.5 10 5 8.75 3.75
7.5 2.5 7.5 3.75 8.75 2.5 8.75 3.75 8.125 3.125
7.5 3.75 7.5 5 8.75 3.75 8.75 5 8.125 4.375
8.75 2.5 8.75 3.75 10 2.5 10 3.75 9.375 3.125
8.75 3.75 8.75 5 10 3.75 10 5 9.375 4.375
8.75 3.75 8.75 4.375 9.375 3.75 9.375 4.375 9.0625 4.0625
8.75 4.375 8.75 5 9.375 4.375 9.375 5 9.0625 4.6875
9.375 3.75 9.375 4.375 10 3.75 10 4.375 9.6875 4.0625
9.375 4.375 9.375 5 10 4.375 10 5 9.6875 4.6875
5 5 5 10 10 5 10 10 7.5 7.5
5 5 5 7.5 7.5 5 7.5 7.5 6.25 6.25
5 5 5 6.25 6.25 5 6.25 6.25 5.625 5.625
5 5 5 5.625 5.625 5 5.625 5.625 5.3125 5.3125
5 5.625 5 6.25 5.625 5.625 5.625 6.25 5.3125 5.9375
5.625 5 5.625 5.625 6.25 5 6.25 5.625 5.9375 5.3125
5.625 5.625 5.625 6.25 6.25 5.625 6.25 6.25 5.9375 5.9375
5 6.25 5 7.5 6.25 6.25 6.25 7.5 5.625 6.875
5 6.25 5 6.875 5.625 6.25 5.625 6.875 5.3125 6.5625
5 6.875 5 7.5 5.625 6.875 5.625 7.5 5.3125 7.1875
5.625 6.25 5.625 6.875 6.25 6.25 6.25 6.875 5.9375 6.5625
5.625 6.875 5.625 7.5 6.25 6.875 6.25 7.5 5.9375 7.1875
6.25 5 6.25 6.25 7.5 5 7.5 6.25 6.875 5.625
6.25 6.25 6.25 7.5 7.5 6.25 7.5 7.5 6.875 6.875
5 7.5 5 10 7.5 7.5 7.5 10 6.25 8.75
5 7.5 5 8.75 6.25 7.5 6.25 8.75 5.625 8.125
5 7.5 5 8.125 5.625 7.5 5.625 8.125 5.3125 7.8125
5 8.125 5 8.75 5.625 8.125 5.625 8.75 5.3125 8.4375
5.625 7.5 5.625 8.125 6.25 7.5 6.25 8.125 5.9375 7.8125
5.625 8.125 5.625 8.75 6.25 8.125 6.25 8.75 5.9375 8.4375
5 8.75 5 10 6.25 8.75 6.25 10 5.625 9.375
6.25 7.5 6.25 8.75 7.5 7.5 7.5 8.75 6.875 8.125
6.25 7.5 6.25 8.125 6.875 7.5 6.875 8.125 6.5625 7.8125
6.25 8.125 6.25 8.75 6.875 8.125 6.875 8.75 6.5625 8.4375
6.875 7.5 6.875 8.125 7.5 7.5 7.5 8.125 7.1875 7.8125
6.875 8.125 6.875 8.75 7.5 8.125 7.5 8.75 7.1875 8.4375
6.25 8.75 6.25 10 7.5 8.75 7.5 10 6.875 9.375
6.25 8.75 6.25 9.375 6.875 8.75 6.875 9.375 6.5625 9.0625
6.25 9.375 6.25 10 6.875 9.375 6.875 10 6.5625 9.6875
6.875 8.75 6.875 9.375 7.5 8.75 7.5 9.375 7.1875 9.0625
6.875 9.375 6.875 10 7.5 9.375 7.5 10 7.1875 9.6875
7.5 5 7.5 7.5 10 5 10 7.5 8.75 6.25
7.5 5 7.5 6.25 8.75 5 8.75 6.25 8.125 5.625
7.5 6.25 7.5 7.5 8.75 6.25 8.75 7.5 8.125 6.875
8.75 5 8.75 6.25 10 5 10 6.25 9.375 5.625
8.75 5 8.75 5.625 9.375 5 9.375 5.625 9.0625 5.3125
8.75 5.625 8.75 6.25 9.375 5.625 9.375 6.25 9.0625 5.9375
9.375 5 9.375 5.625 10 5 10 5.625 9.6875 5.3125
9.375 5.625 9.375 6.25 10 5.625 10 6.25 9.6875 5.9375
8.75 6.25 8.75 7.5 10 6.25 10 7.5 9.375 6.875
7.5 7.5 7.5 10 10 7.5 10 10 8.75 8.75
7.5 7.5 7.5 8.75 8.75 7.5 8.75 8.75 8.125 8.125
7.5 7.5 7.5 8.125 8.125 7.5 8.125 8.125 7.8125 7.8125
7.5 8.125 7.5 8.75 8.125 8.125 8.125 8.75 7.8125 8.4375
8.125 7.5 8.125 8.125 8.75 7.5 8.75 8.125 8.4375 7.8125
8.125 8.125 8.125 8.75 8.75 8.125 8.75 8.75 8.4375 8.4375
7.5 8.75 7.5 10 8.75 8.75 8.75 10 8.125 9.375
8.75 7.5 8.75 8.75 10 7.5 10 8.75 9.375 8.125
8.75 8.75 8.75 10 10 8.75 10 10 9.375 9.375
0 0 0 5 5 0 5 5 2.5 2.5
0 0 0 2.5 2.5 0 2.5 2.5 1.25 1.25
0 0 0 1.25 1.25 0 1.25 1.25 0.625 0.625
0 1.25 0 2.5 1.25 1.25 1.25 2.5 0.625 1.875
0 1.25 0 1.875 0.625 1.25 0.625 1.875 0.3125 1.5625
0 1.875 0 2.5 0.625 1.875 0.625 2.5 0.3125 2.1875
0 1.875 0 2.1875 0.3125 1.875 0.3125 2.1875 0.15625 2.03125
0 2.1875 0 2.5 0.3125 2.1875 0.3125 2.5 0.15625 2.34375
0.3125 1.875 0.3125 2.1875 0.625 1.875 0.625 2.1875 0.46875 2.03125
0.3125 2.1875 0.3125 2.5 0.625 2.1875 0.625 2.5 0.46875 2.34375
0.625 1.25 0.625 1.875 1.25 1.25 1.25 1.875 0.9375 1.5625
0.625 1.875 0.625 2.5 1.25 1.875 1.25 2.5 0.9375 2.1875
1.25 0 1.25 1.25 2.5 0 2.5 1.25 1.875 0.625
1.25 0 1.25 0.625 1.875 0 1.875 0.625 1.5625 0.3125
1.25 0.625 1.25 1.25 1.875 0.625 1.875 1.25 1.5625 0.9375
1.875 0 1.875 0.625 2.5 0 2.5 0.625 2.1875 0.3125
1.875 0.625 1.875 1.25 2.5 0.625 2.5 1.25 2.1875 0.9375
1.25 1.25 1.25 2.5 2.5 1.25 2.5 2.5 1.875 1.875
0 2.5 0 5 2.5 2.5 2.5 5 1.25 3.75
0 2.5 0 3.75 1.25 2.5 1.25 3.75 0.625 3.125
0 3.75 0 5 1.25 3.75 1.25 5 0.625 4.375
1.25 2.5 1.25 3.75 2.5 2.5 2.5 3.75 1.875 3.125
1.25 2.5 1.25 3.125 1.875 2.5 1.875 3.125 1.5625 2.8125
1.25 3.125 1.25 3.75 1.875 3.125 1.875 3.75 1.5625 3.4375
1.875 2.5 1.875 3.125 2.5 2.5 2.5 3.125 2.1875 2.8125
1.875 3.125 1.875 3.75 2.5 3.125 2.5 3.75 2.1875 3.4375
1.25 3.75 1.25 5 2.5 3.75 2.5 5 1.875 4.375
2.5 0 2.5 2.5 5 0 5 2.5 3.75 1.25
2.5 0 2.5 1.25 3.75 0 3.75 1.25 3.125 0.625
2.5 1.25 2.5 2.5 3.75 1.25 3.75 2.5 3.125 1.875
3.75 0 3.75 1.25 5 0 5 1.25 4.375 0.625
3.75 0 3.75 0.625 4.375 0 4.375 0.625 4.0625 0.3125
3.75 0.625 3.75 1.25 4.375 0.625 4.375 1.25 4.0625 0.9375
4.375 0 4.375 0.625 5 0 5 0.625 4.6875 0.3125
4.375 0 4.375 0.3125 4.6875 0 4.6875 0.3125 4.53125 0.15625
4.375 0.3125 4.375 0.625 4.6875 0.3125 4.6875 0.625 4.53125 0.46875
4.6875 0 4.6875 0.3125 5 0 5 0.3125 4.84375 0.15625
4.6875 0.3125 4.6875 0.625 5 0.3125 5 0.625 4.84375 0.46875
4.375 0.625 4.375 1.25 5 0.625 5 1.25 4.6875 0.9375
3.75 1.25 3.75 2.5 5 1.25 5 2.5 4.375 1.875
2.5 2.5 2.5 5 5 2.5 5 5 3.75 3.75
2.5 2.5 2.5 3.75 3.75 2.5 3.75 3.75 3.125 3.125
2.5 2.5 2.5 3.125 3.125 2.5 3.125 3.125 2.8125 2.8125
2.5 3.125 2.5 3.75 3.125 3.125 3.125 3.75 2.8125 3.4375
3.125 2.5 3.125 3.125 3.75 2.5 3.75 3.125 3.4375 2.8125
3.125 3.125 3.125 3.75 3.75 3.125 3.75 3.75 3.4375 3.4375
2.5 3.75 2.5 5 3.75 3.75 3.75 5 3.125 4.375
2.5 3.75 2.5 4.375 3.125 3.75 3.125 4.375 2.8125 4.0625
2.5 4.375 2.5 5 3.125 4.375 3.125 5 2.8125 4.6875
3.125 3.75 3.125 4.375 3.75 3.75 3.75 4.375 3.4375 4.0625
3.125 4.375 3.125 5 3.75 4.375 3.75 5 3.4375 4.6875
3.75 2.5 3.75 3.75 5 2.5 5 3.75 4.375 3.125
3.75 2.5 3.75 3.125 4.375 2.5 4.375 3.125 4.0625 2.8125
3.75 3.125 3.75 3.75 4.375 3.125 4.375 3.75 4.0625 3.4375
3.75 3.125 3.75 3.4375 4.0625 3.125 4.0625 3.4375 3.90625 3.28125
3.75 3.4375 3.75 3.75 4.0625 3.4375 4.0625 3.75 3.90625 3.59375
4.0625 3.125 4.0625 3.4375 4.375 3.125 4.375 3.4375 4.21875 3.28125
4.0625 3.4375 4.0625 3.75 4.375 3.4375 4.375 3.75 4.21875 3.59375
4.375 2.5 4.375 3.125 5 2.5 5 3.125 4.6875 2.8125
4.375 3.125 4.375 3.75 5 3.125 5 3.75 4.6875 3.4375
3.75 3.75 3.75 5 5 3.75 5 5 4.375 4.375
3.75 3.75 3.75 4.375 4.375 3.75 4.375 4.375 4.0625 4.0625
3.75 4.375 3.75 5 4.375 4.375 4.375 5 4.0625 4.6875
4.375 3.75 4.375 4.375 5 3.75 5 4.375 4.6875 4.0625
4.375 4.375 4.375 5 5 4.375 5 5 4.6875 4.6875
4.375 4.375 4.375 4.6875 4.6875 4.375 4.6875 4.6875 4.53125 4.53125
4.375 4.6875 4.375 5 4.6875 4.6875 4.6875 5 4.53125 4.84375
4.6875 4.375 4.6875 4.6875 5 4.375 5 4.6875 4.84375 4.53125
4.6875 4.6875 4.6875 5 5 4.6875 5 5 4.84375 4.84375
0 5 0 10 5 5 5 10 2.5 7.5
0 5 0 7.5 2.5 5 2.5 7.5 1.25 6.25
0 5 0 6.25 1.25 5 1.25 6.25 0.625 5.625
0 6.25 0 7.5 1.25 6.25 1.25 7.5 0.625 6.875
0 6.25 0 6.875 0.625 6.25 0.625 6.875 0.3125 6.5625
0 6.875 0 7.5 0.625 6.875 0.625 7.5 0.3125 7.1875
0.625 6.25 0.625 6.875 1.25 6.25 1.25 6.875 0.9375 6.5625
0.625 6.875 0.625 7.5 1.25 6.875 1.25 7.5 0.9375 7.1875
1.25 5 1.25 6.25 2.5 5 2.5 6.25 1.875 5.625
1.25 6.25 1.25 7.5 2.5 6.25 2.5 7.5 1.875 6.875
0 7.5 0 10 2.5 7.5 2.5 10 1.25 8.75
0 7.5 0 8.75 1.25 7.5 1.25 8.75 0.625 8.125
0 8.75 0 10 1.25 8.75 1.25 10 0.625 9.375
1.25 7.5 1.25 8.75 2.5 7.5 2.5 8.75 1.875 8.125
1.25 7.5 1.25 8.125 1.875 7.5 1.875 8.125 1.5625 7.8125
1.25 7.5 1.25 7.8125 1.5625 7.5 1.5625 7.8125 1.40625 7.65625
1.25 7.8125 1.25 8.125 1.5625 7.8125 1.5625 8.125 1.40625 7.96875
1.25 7.8125 1.25 7.96875 1.40625 7.8125 1.40625 7.96875 1.32813 7.89063
1.25 7.96875 1.25 8.125 1.40625 7.96875 1.40625 8.125 1.32813 8.04688
1.40625 7.8125 1.40625 7.96875 1.5625 7.8125 1.5625 7.96875 1.48438 7.89063
1.40625 7.96875 1.40625 8.125 1.5625 7.96875 1.5625 8.125 1.48438 8.04688
1.5625 7.5 1.5625 7.8125 1.875 7.5 1.875 7.8125 1.71875 7.65625
1.5625 7.8125 1.5625 8.125 1.875 7.8125 1.875 8.125 1.71875 7.96875
1.25 8.125 1.25 8.75 1.875 8.125 1.875 8.75 1.5625 8.4375
1.25 8.125 1.25 8.4375 1.5625 8.125 1.5625 8.4375 1.40625 8.28125
1.25 8.4375 1.25 8.75 1.5625 8.4375 1.5625 8.75 1.40625 8.59375
1.5625 8.125 1.5625 8.4375 1.875 8.125 1.875 8.4375 1.71875 8.28125
1.5625 8.4375 1.5625 8.75 1.875 8.4375 1.875 8.75 1.71875 8.59375
1.875 7.5 1.875 8.125 2.5 7.5 2.5 8.125 2.1875 7.8125
1.875 8.125 1.875 8.75 2.5 8.125 2.5 8.75 2.1875 8.4375
1.25 8.75 1.25 10 2.5 8.75 2.5 10 1.875 9.375
1.25 8.75 1.25 9.375 1.875 8.75 1.875 9.375 1.5625 9.0625
1.25 9.375 1.25 10 1.875 9.375 1.875 10 1.5625 9.6875
1.875 8.75 1.875 9.375 2.5 8.75 2.5 9.375 2.1875 9.0625
1.875 9.375 1.875 10 2.5 9.375 2.5 10 2.1875 9.6875
2.5 5 2.5 7.5 5 5 5 7.5 3.75 6.25
2.5 5 2.5 6.25 3.75 5 3.75 6.25 3.125 5.625
2.5 5 2.5 5.625 3.125 5 3.125 5.625 2.8125 5.3125
2.5 5.625 2.5 6.25 3.125 5.625 3.125 6.25 2.8125 5.9375
3.125 5 3.125 5.625 3.75 5 3.75 5.625 3.4375 5.3125
3.125 5.625 3.125 6.25 3.75 5.625 3.75 6.25 3.4375 5.9375
2.5 6.25 2.5 7.5 3.75 6.25 3.75 7.5 3.125 6.875
2.5 6.25 2.5 6.875 3.125 6.25 3.125 6.875 2.8125 6.5625
2.5 6.875 2.5 7.5 3.125 6.875 3.125 7.5 2.8125 7.1875
3.125 6.25 3.125 6.875 3.75 6.25 3.75 6.875 3.4375 6.5625
3.125 6.875 3.125 7.5 3.75 6.875 3.75 7.5 3.4375 7.1875
3.75 5 3.75 6.25 5 5 5 6.25 4.375 5.625
3.75 6.25 3.75 7.5 5 6.25 5 7.5 4.375 6.875
2.5 7.5 2.5 10 5 7.5 5 10 3.75 8.75
2.5 7.5 2.5 8.75 3.75 7.5 3.75 8.75 3.125 8.125
2.5 8.75 2.5 10 3.75 8.75 3.75 10 3.125 9.375
3.75 7.5 3.75 8.75 5 7.5 5 8.75 4.375 8.125
3.75 8.75 3.75 10 5 8.75 5 10 4.375 9.375
5 0 5 5 10 0 10 5 7.5 2.5
5 0 5 2.5 7.5 0 7.5 2.5 6.25 1.25
5 0 5 1.25 6.25 0 6.25 1.25 5.625 0.625
5 1.25 5 2.5 6.25 1.25 6.25 2.5 5.625 1.875
5 1.25 5 1.875 5.625 1.25 5.625 1.875 5.3125 1.5625
5 1.875 5 2.5 5.625 1.875 5.625 2.5 5.3125 2.1875
5.625 1.25 5.625 1.875 6.25 1.25 6.25 1.875 5.9375 1.5625
5.625 1.875 5.625 2.5 6.25 1.875 6.25 2.5 5.9375 2.1875
6.25 0 6.25 1.25 7.5 0 7.5 1.25 6.875 0.625
6.25 1.25 6.25 2.5 7.5 1.25 7.5 2.5 6.875 1.875
6.25 1.25 6.25 1.875 6.875 1.25 6.875 1.875 6.5625 1.5625
6.25 1.875 6.25 2.5 6.875 1.875 6.875 2.5 6.5625 2.1875
6.875 1.25 6.875 1.875 7.5 1.25 7.5 1.875 7.1875 1.5625
6.875 1.875 6.875 2.5 7.5 1.875 7.5 2.5 7.1875 2.1875
6.875 1.875 6.875 2.1875 7.1875 1.875 7.1875 2.1875 7.03125 2.03125
6.875 2.1875 6.875 2.5 7.1875 2.1875 7.1875 2.5 7.03125 2.34375
6.875 2.1875 6.875 2.34375 7.03125 2.1875 7.03125 2.34375 6.95313 2.26563
6.875 2.34375 6.875 2.5 7.03125 2.34375 7.03125 2.5 6.95313 2.42188
7.03125 2.1875 7.03125 2.34375 7.1875 2.1875 7.1875 2.34375 7.10938 2.26563
7.03125 2.34375 7.03125 2.5 7.1875 2.34375 7.1875 2.5 7.10938 2.42188
7.1875 1.875 7.1875 2.1875 7.5 1.875 7.5 2.1875 7.34375 2.03125
7.1875 2.1875 7.1875 2.5 7.5 2.1875 7.5 2.5 7.34375 2.34375
5 2.5 5 5 7.5 2.5 7.5 5 6.25 3.75
5 2.5 5 3.75 6.25 2.5 6.25 3.75 5.625 3.125
5 3.75 5 5 6.25 3.75 6.25 5 5.625 4.375
5 3.75 5 4.375 5.625 3.75 5.625 4.375 5.3125 4.0625
5 4.375 5 5 5.625 4.375 5.625 5 5.3125 4.6875
5.625 3.75 5.625 4.375 6.25 3.75 6.25 4.375 5.9375 4.0625
5.625 3.75 5.625 4.0625 5.9375 3.75 5.9375 4.0625 5.78125 3.90625
5.625 4.0625 5.625 4.375 5.9375 4.0625 5.9375 4.375 5.78125 4.21875
5.625 4.0625 5.625 4.21875 5.78125 4.0625 5.78125 4.21875 5.70313 4.14063
5.625 4.21875 5.625 4.375 5.78125 4.21875 5.78125 4.375 5.70313 4.29688
5.78125 4.0625 5.78125 4.21875 5.9375 4.0625 5.9375 4.21875 5.85938 4.14063
5.78125 4.21875 5.78125 4.375 5.9375 4.21875 5.9375 4.375 5.85938 4.29688
5.9375 3.75 5.9375 4.0625 6.25 3.75 6.25 4.0625 6.09375 3.90625
5.9375 4.0625 5.9375 4.375 6.25 4.0625 6.25 4.375 6.09375 4.21875
5.625 4.375 5.625 5 6.25 4.375 6.25 5 5.9375 4.6875
6.25 2.5 6.25 3.75 7.5 2.5 7.5 3.75 6.875 3.125
6.25 3.75 6.25 5 7.5 3.75 7.5 5 6.875 4.375
6.25 3.75 6.25 4.375 6.875 3.75 6.875 4.375 6.5625 4.0625
6.25 4.375 6.25 5 6.875 4.375 6.875 5 6.5625 4.6875
6.875 3.75 6.875 4.375 7.5 3.75 7.5 4.375 7.1875 4.0625
6.875 4.375 6.875 5 7.5 4.375 7.5 5 7.1875 4.6875
7.5 0 7.5 2.5 10 0 10 2.5 8.75 1.25
7.5 0 7.5 1.25 8.75 0 8.75 1.25 8.125 0.625
7.5 0 7.5 0.625 8.125 0 8.125 0.625 7.8125 0.3125
7.5 0.625 7.5 1.25 8.125 0.625 8.125 1.25 7.8125 0.9375
8.125 0 8.125 0.625 8.75 0 8.75 0.625 8.4375 0.3125
8.125 0.625 8.125 1.25 8.75 0.625 8.75 1.25 8.4375 0.9375
7.5 1.25 7.5 2.5 8.75 1.25 8.75 2.5 8.125 1.875
7.5 1.25 7.5 1.875 8.125 1.25 8.125 1.875 7.8125 1.5625
7.5 1.875 7.5 2.5 8.125 1.875 8.125 2.5 7.8125 2.1875
8.125 1.25 8.125 1.875 8.75 1.25 8.75 1.875 8.4375 1.5625
8.125 1.25 8.125 1.5625 8.4375 1.25 8.4375 1.5625 8.28125 1.40625
8.125 1.5625 8.125 1.875 8.4375 1.5625 8.4375 1.875 8.28125 1.71875
8.4375 1.25 8.4375 1.5625 8.75 1.25 8.75 1.5625 8.59375 1.40625
8.4375 1.5625 8.4375 1.875 8.75 1.5625 8.75 1.875 8.59375 1.71875
8.125 1.875 8.125 2.5 8.75 1.875 8.75 2.5 8.4375 2.1875
8.75 0 8.75 1.25 10 0 10 1.25 9.375 0.625
8.75 0 8.75 0.625 9.375 0 9.375 0.625 9.0625 0.3125
8.75 0.625 8.75 1.25 9.375 0.625 9.375 1.25 9.0625 0.9375
9.375 0 9.375 0.625 10 0 10 0.625 9.6875 0.3125
9.375 0.625 9.375 1.25 10 0.625 10 1.25 9.6875 0.9375
8.75 1.25 8.75 2.5 10 1.25 10 2.5 9.375 1.875
8.75 1.25 8.75 1.875 9.375 1.25 9.375 1.875 9.0625 1.5625
8.75 1.875 8.75 2.5 9.375 1.875 9.375 2.5 9.0625 2.1875
9.375 1.25 9.375 1.875 10 1.25 10 1.875 9.6875 1.5625
9.375 1.875 9.375 2.5 10 1.875 10 2.5 9.6875 2.1875
7.5 2.5 7.5 5 10 2.5 10 5 8.75 3.75
7.5 2.5 7.5 3.75 8.75 2.5 8.75 3.75 8.125 3.125
7.5 3.75 7.5 5 8.75 3.75 8.75 5 8.125 4.375
7.5 3.75 7.5 4.375 8.125 3.75 8.125 4.375 7.8125 4.0625
7.5 4.375 7.5 5 8.125 4.375 8.125 5 7.8125 4.6875
8.125 3.75 8.125 4.375 8.75 3.75 8.75 4.375 8.4375 4.0625
8.125 3.75 8.125 4.0625 8.4375 3.75 8.4375 4.0625 8.28125 3.90625
8.125 4.0625 8.125 4.375 8.4375 4.0625 8.4375 4.375 8.28125 4.21875
8.125 4.0625 8.125 4.21875 8.28125 4.0625 8.28125 4.21875 8.20313 4.14063
8.125 4.21875 8.125 4.375 8.28125 4.21875 8.28125 4.375 8.20313 4.29688
8.28125 4.0625 8.28125 4.21875 8.4375 4.0625 8.4375 4.21875 8.35938 4.14063
8.28125 4.21875 8.28125 4.375 8.4375 4.21875 8.4375 4.375 8.35938 4.29688
8.4375 3.75 8.4375 4.0625 8.75 3.75 8.75 4.0625 8.59375 3.90625
8.4375 4.0625 8.4375 4.375 8.75 4.0625 8.75 4.375 8.59375 4.21875
8.125 4.375 8.125 5 8.75 4.375 8.75 5 8.4375 4.6875
8.75 2.5 8.75 3.75 10 2.5 10 3.75 9.375 3.125
8.75 3.75 8.75 5 10 3.75 10 5 9.375 4.375
5 5 5 10 10 5 10 10 7.5 7.5
5 5 5 7.5 7.5 5 7.5 7.5 6.25 6.25
5 5 5 6.25 6.25 5 6.25 6.25 5.625 5.625
5 6.25 5 7.5 6.25 6.25 6.25 7.5 5.625 6.875
6.25 5 6.25 6.25 7.5 5 7.5 6.25 6.875 5.625
6.25 6.25 6.25 7.5 7.5 6.25 7.5 7.5 6.875 6.875
6.25 6.25 6.25 6.875 6.875 6.25 6.875 6.875 6.5625 6.5625
6.25 6.25 6.25 6.5625 6.5625 6.25 6.5625 6.5625 6.40625 6.40625
6.25 6.5625 6.25 6.875 6.5625 6.5625 6.5625 6.875 6.40625 6.71875
6.5625 6.25 6.5625 6.5625 6.875 6.25 6.875 6.5625 6.71875 6.40625
6.5625 6.5625 6.5625 6.875 6.875 6.5625 6.875 6.875 6.71875 6.71875
6.25 6.875 6.25 7.5 6.875 6.875 6.875 7.5 6.5625 7.1875
6.875 6.25 6.875 6.875 7.5 6.25 7.5 6.875 7.1875 6.5625
6.875 6.875 6.875 7.5 7.5 6.875 7.5 7.5 7.1875 7.1875
5 7.5 5 10 7.5 7.5 7.5 10 6.25 8.75
5 7.5 5 8.75 6.25 7.5 6.25 8.75 5.625 8.125
5 8.75 5 10 6.25 8.75 6.25 10 5.625 9.375
5 8.75 5 9.375 5.625 8.75 5.625 9.375 5.3125 9.0625
5 9.375 5 10 5.625 9.375 5.625 10 5.3125 9.6875
5 9.375 5 9.6875 5.3125 9.375 5.3125 9.6875 5.15625 9.53125
5 9.6875 5 10 5.3125 9.6875 5.3125 10 5.15625 9.84375
5.3125 9.375 5.3125 9.6875 5.625 9.375 5.625 9.6875 5.46875 9.53125
5.3125 9.6875 5.3125 10 5.625 9.6875 5.625 10 5.46875 9.84375
5.625 8.75 5.625 9.375 6.25 8.75 6.25 9.375 5.9375 9.0625
5.625 9.375 5.625 10 6.25 9.375 6.25 10 5.9375 9.6875
6.25 7.5 6.25 8.75 7.5 7.5 7.5 8.75 6.875 8.125
6.25 8.75 6.25 10 7.5 8.75 7.5 10 6.875 9.375
6.25 8.75 6.25 9.375 6.875 8.75 6.875 9.375 6.5625 9.0625
6.25 9.375 6.25 10 6.875 9.375 6.875 10 6.5625 9.6875
6.875 8.75 6.875 9.375 7.5 8.75 7.5 9.375 7.1875 9.0625
6.875 9.375 6.875 10 7.5 9.375 7.5 10 7.1875 9.6875
7.5 5 7.5 7.5 10 5 10 7.5 8.75 6.25
7.5 5 7.5 6.25 8.75 5 8.75 6.25 8.125 5.625
7.5 5 7.5 5.625 8.125 5 8.125 5.625 7.8125 5.3125
7.5 5.625 7.5 6.25 8.125 5.625 8.125 6.25 7.8125 5.9375
8.125 5 8.125 5.625 8.75 5 8.75 5.625 8.4375 5.3125
8.125 5.625 8.125 6.25 8.75 5.625 8.75 6.25 8.4375 5.9375
7.5 6.25 7.5 7.5 8.75 6.25 8.75 7.5 8.125 6.875
7.5 6.25 7.5 6.875 8.125 6.25 8.125 6.875 7.8125 6.5625
7.5 6.875 7.5 7.5 8.125 6.875 8.125 7.5 7.8125 7.1875
7.5 6.875 7.5 7.1875 7.8125 6.875 7.8125 7.1875 7.65625 7.03125
7.5 7.1875 7.5 7.5 7.8125 7.1875 7.8125 7.5 7.65625 7.34375
7.8125 6.875 7.8125 7.1875 8.125 6.875 8.125 7.1875 7.96875 7.03125
7.8125 7.1875 7.8125 7.5 8.125 7.1875 8.125 7.5 7.96875 7.34375
7.8125 7.1875 7.8125 7.34375 7.96875 7.1875 7.96875 7.34375 7.89063 7.26563
7.8125 7.34375 7.8125 7.5 7.96875 7.34375 7.96875 7.5 7.89063 7.42188
7.96875 7.1875 7.96875 7.34375 8.125 7.1875 8.125 7.34375 8.04688 7.26563
7.96875 7.34375 7.96875 7.5 8.125 7.34375 8.125 7.5 8.04688 7.42188
8.125 6.25 8.125 6.875 8.75 6.25 8.75 6.875 8.4375 6.5625
8.125 6.875 8.125 7.5 8.75 6.875 8.75 7.5 8.4375 7.1875
8.75 5 8.75 6.25 10 5 10 6.25 9.375 5.625
8.75 6.25 8.75 7.5 10 6.25 10 7.5 9.375 6.875
7.5 7.5 7.5 10 10 7.5 10 10 8.75 8.75
7.5 7.5 7.5 8.75 8.75 7.5 8.75 8.75 8.125 8.125
7.5 7.5 7.5 8.125 8.125 7.5 8.125 8.125 7.8125 7.8125
7.5 7.5 7.5 7.8125 7.8125 7.5 7.8125 7.8125 7.65625 7.65625
7.5 7.8125 7.5 8.125 7.8125 7.8125 7.8125 8.125 7.65625 7.96875
7.8125 7.5 7.8125 7.8125 8.125 7.5 8.125 7.8125 7.96875 7.65625
7.8125 7.8125 7.8125 8.125 8.125 7.8125 8.125 8.125 7.96875 7.96875
7.5 8.125 7.5 8.75 8.125 8.125 8.125 8.75 7.8125 8.4375
8.125 7.5 8.125 8.125 8.75 7.5 8.75 8.125 8.4375 7.8125
8.125 8.125 8.125 8.75 8.75 8.125 8.75 8.75 8.4375 8.4375
7.5 8.75 7.5 10 8.75 8.75 8.75 10 8.125 9.375
8.75 7.5 8.75 8.75 10 7.5 10 8.75 9.375 8.125
8.75 7.5 8.75 8.125 9.375 7.5 9.375 8.125 9.0625 7.8125
8.75 8.125 8.75 8.75 9.375 8.125 9.375 8.75 9.0625 8.4375
8.75 8.125 8.75 8.4375 9.0625 8.125 9.0625 8.4375 8.90625 8.28125
8.75 8.4375 8.75 8.75 9.0625 8.4375 9.0625 8.75 8.90625 8.59375
9.0625 8.125 9.0625 8.4375 9.375 8.125 9.375 8.4375 9.21875 8.28125
9.0625 8.4375 9.0625 8.75 9.375 8.4375 9.375 8.75 9.21875 8.59375
9.375 7.5 9.375 8.125 10 7.5 10 8.125 9.6875 7.8125
9.375 8.125 9.375 8.75 10 8.125 10 8.75 9.6875 8.4375
8.75 8.75 8.75 10 10 8.75 10 10 9.375 9.375
0 0 0 5 5 0 5 5 2.5 2.5
0 0 0 2.5 2.5 0 2.5 2.5 1.25 1.25
0 0 0 1.25 1.25 0 1.25 1.25 0.625 0.625
0 1.25 0 2.5 1.25 1.25 1.25 2.5 0.625 1.875
1.25 0 1.25 1.25 2.5 0 2.5 1.25 1.875 0.625
1.25 1.25 1.25 2.5 2.5 1.25 2.5 2.5 1.875 1.875
0 2.5 0 5 2.5 2.5 2.5 5 1.25 3.75
2.5 0 2.5 2.5 5 0 5 2.5 3.75 1.25
2.5 0 2.5 1.25 3.75 0 3.75 1.25 3.125 0.625
2.5 0 2.5 0.625 3.125 0 3.125 0.625 2.8125 0.3125
2.5 0.625 2.5 1.25 3.125 0.625 3.125 1.25 2.8125 0.9375
3.125 0 3.125 0.625 3.75 0 3.75 0.625 3.4375 0.3125
3.125 0.625 3.125 1.25 3.75 0.625 3.75 1.25 3.4375 0.9375
2.5 1.25 2.5 2.5 3.75 1.25 3.75 2.5 3.125 1.875
3.75 0 3.75 1.25 5 0 5 1.25 4.375 0.625
3.75 0 3.75 0.625 4.375 0 4.375 0.625 4.0625 0.3125
3.75 0.625 3.75 1.25 4.375 0.625 4.375 1.25 4.0625 0.9375
4.375 0 4.375 0.625 5 0 5 0.625 4.6875 0.3125
4.375 0.625 4.375 1.25 5 0.625 5 1.25 4.6875 0.9375
3.75 1.25 3.75 2.5 5 1.25 5 2.5 4.375 1.875
3.75 1.25 3.75 1.875 4.375 1.25 4.375 1.875 4.0625 1.5625
3.75 1.875 3.75 2.5 4.375 1.875 4.375 2.5 4.0625 2.1875
3.75 1.875 3.75 2.1875 4.0625 1.875 4.0625 2.1875 3.90625 2.03125
3.75 2.1875 3.75 2.5 4.0625 2.1875 4.0625 2.5 3.90625 2.34375
4.0625 1.875 4.0625 2.1875 4.375 1.875 4.375 2.1875 4.21875 2.03125
4.0625 1.875 4.0625 2.03125 4.21875 1.875 4.21875 2.03125 4.14063 1.95313
4.0625 2.03125 4.0625 2.1875 4.21875 2.03125 4.21875 2.1875 4.14063 2.10938
4.21875 1.875 4.21875 2.03125 4.375 1.875 4.375 2.03125 4.29688 1.95313
4.21875 1.875 4.21875 1.95313 4.29688 1.875 4.29688 1.95313 4.25781 1.91406
4.21875 1.95313 4.21875 2.03125 4.29688 1.95313 4.29688 2.03125 4.25781 1.99219
4.29688 1.875 4.29688 1.95313 4.375 1.875 4.375 1.95313 4.33594 1.91406
4.29688 1.95313 4.29688 2.03125 4.375 1.95313 4.375 2.03125 4.33594 1.99219
4.21875 2.03125 4.21875 2.1875 4.375 2.03125 4.375 2.1875 4.29688 2.10938
4.0625 2.1875 4.0625 2.5 4.375 2.1875 4.375 2.5 4.21875 2.34375
4.375 1.25 4.375 1.875 5 1.25 5 1.875 4.6875 1.5625
4.375 1.875 4.375 2.5 5 1.875 5 2.5 4.6875 2.1875
2.5 2.5 2.5 5 5 2.5 5 5 3.75 3.75
2.5 2.5 2.5 3.75 3.75 2.5 3.75 3.75 3.125 3.125
2.5 3.75 2.5 5 3.75 3.75 3.75 5 3.125 4.375
2.5 3.75 2.5 4.375 3.125 3.75 3.125 4.375 2.8125 4.0625
2.5 4.375 2.5 5 3.125 4.375 3.125 5 2.8125 4.6875
3.125 3.75 3.125 4.375 3.75 3.75 3.75 4.375 3.4375 4.0625
3.125 4.375 3.125 5 3.75 4.375 3.75 5 3.4375 4.6875
3.75 2.5 3.75 3.75 5 2.5 5 3.75 4.375 3.125
3.75 3.75 3.75 5 5 3.75 5 5 4.375 4.375
0 5 0 10 5 5 5 10 2.5 7.5
0 5 0 7.5 2.5 5 2.5 7.5 1.25 6.25
0 5 0 6.25 1.25 5 1.25 6.25 0.625 5.625
0 6.25 0 7.5 1.25 6.25 1.25 7.5 0.625 6.875
1.25 5 1.25 6.25 2.5 5 2.5 6.25 1.875 5.625
1.25 5 1.25 5.625 1.875 5 1.875 5.625 1.5625 5.3125
1.25 5.625 1.25 6.25 1.875 5.625 1.875 6.25 1.5625 5.9375
1.875 5 1.875 5.625 2.5 5 2.5 5.625 2.1875 5.3125
1.875 5.625 1.875 6.25 2.5 5.625 2.5 6.25 2.1875 5.9375
1.25 6.25 1.25 7.5 2.5 6.25 2.5 7.5 1.875 6.875
0 7.5 0 10 2.5 7.5 2.5 10 1.25 8.75
0 7.5 0 8.75 1.25 7.5 1.25 8.75 0.625 8.125
0 8.75 0 10 1.25 8.75 1.25 10 0.625 9.375
0 8.75 0 9.375 0.625 8.75 0.625 9.375 0.3125 9.0625
0 9.375 0 10 0.625 9.375 0.625 10 0.3125 9.6875
0.625 8.75 0.625 9.375 1.25 8.75 1.25 9.375 0.9375 9.0625
0.625 9.375 0.625 10 1.25 9.375 1.25 10 0.9375 9.6875
0.625 9.375 0.625 9.6875 0.9375 9.375 0.9375 9.6875 0.78125 9.53125
0.625 9.6875 0.625 10 0.9375 9.6875 0.9375 10 0.78125 9.84375
0.9375 9.375 0.9375 9.6875 1.25 9.375 1.25 9.6875 1.09375 9.53125
0.9375 9.6875 0.9375 10 1.25 9.6875 1.25 10 1.09375 9.84375
1.25 7.5 1.25 8.75 2.5 7.5 2.5 8.75 1.875 8.125
1.25 7.5 1.25 8.125 1.875 7.5 1.875 8.125 1.5625 7.8125
1.25 8.125 1.25 8.75 1.875 8.125 1.875 8.75 1.5625 8.4375
1.25 8.125 1.25 8.4375 1.5625 8.125 1.5625 8.4375 1.40625 8.28125
1.25 8.4375 1.25 8.75 1.5625 8.4375 1.5625 8.75 1.40625 8.59375
1.5625 8.125 1.5625 8.4375 1.875 8.125 1.875 8.4375 1.71875 8.28125
1.5625 8.4375 1.5625 8.75 1.875 8.4375 1.875 8.75 1.71875 8.59375
1.875 7.5 1.875 8.125 2.5 7.5 2.5 8.125 2.1875 7.8125
1.875 8.125 1.875 8.75 2.5 8.125 2.5 8.75 2.1875 8.4375
1.25 8.75 1.25 10 2.5 8.75 2.5 10 1.875 9.375
2.5 5 2.5 7.5 5 5 5 7.5 3.75 6.25
2.5 5 2.5 6.25 3.75 5 3.75 6.25 3.125 5.625
2.5 6.25 2.5 7.5 3.75 6.25 3.75 7.5 3.125 6.875
3.75 5 3.75 6.25 5 5 5 6.25 4.375 5.625
3.75 5 3.75 5.625 4.375 5 4.375 5.625 4.0625 5.3125
3.75 5.625 3.75 6.25 4.375 5.625 4.375 6.25 4.0625 5.9375
4.375 5 4.375 5.625 5 5 5 5.625 4.6875 5.3125
4.375 5.625 4.375 6.25 5 5.625 5 6.25 4.6875 5.9375
3.75 6.25 3.75 7.5 5 6.25 5 7.5 4.375 6.875
2.5 7.5 2.5 10 5 7.5 5 10 3.75 8.75
2.5 7.5 2.5 8.75 3.75 7.5 3.75 8.75 3.125 8.125
2.5 8.75 2.5 10 3.75 8.75 3.75 10 3.125 9.375
3.75 7.5 3.75 8.75 5 7.5 5 8.75 4.375 8.125
3.75 8.75 3.75 10 5 8.75 5 10 4.375 9.375
5 0 5 5 10 0 10 5 7.5 2.5
5 0 5 2.5 7.5 0 7.5 2.5 6.25 1.25
5 0 5 1.25 6.25 0 6.25 1.25 5.625 0.625
5 0 5 0.625 5.625 0 5.625 0.625 5.3125 0.3125
5 0.625 5 1.25 5.625 0.625 5.625 1.25 5.3125 0.9375
5.625 0 5.625 0.625 6.25 0 6.25 0.625 5.9375 0.3125
5.625 0.625 5.625 1.25 6.25 0.625 6.25 1.25 5.9375 0.9375
5 1.25 5 2.5 6.25 1.25 6.25 2.5 5.625 1.875
5 1.25 5 1.875 5.625 1.25 5.625 1.875 5.3125 1.5625
5 1.875 5 2.5 5.625 1.875 5.625 2.5 5.3125 2.1875
5.625 1.25 5.625 1.875 6.25 1.25 6.25 1.875 5.9375 1.5625
5.625 1.875 5.625 2.5 6.25 1.875 6.25 2.5 5.9375 2.1875
6.25 0 6.25 1.25 7.5 0 7.5 1.25 6.875 0.625
6.25 0 6.25 0.625 6.875 0 6.875 0.625 6.5625 0.3125
6.25 0 6.25 0.3125 6.5625 0 6.5625 0.3125 6.40625 0.15625
6.25 0.3125 6.25 0.625 6.5625 0.3125 6.5625 0.625 6.40625 0.46875
6.5625 0 6.5625 0.3125 6.875 0 6.875 0.3125 6.71875 0.15625
6.5625 0.3125 6.5625 0.625 6.875 0.3125 6.875 0.625 6.71875 0.46875
6.25 0.625 6.25 1.25 6.875 0.625 6.875 1.25 6.5625 0.9375
6.875 0 6.875 0.625 7.5 0 7.5 0.625 7.1875 0.3125
6.875 0.625 6.875 1.25 7.5 0.625 7.5 1.25 7.1875 0.9375
6.25 1.25 6.25 2.5 7.5 1.25 7.5 2.5 6.875 1.875
5 2.5 5 5 7.5 2.5 7.5 5 6.25 3.75
5 2.5 5 3.75 6.25 2.5 6.25 3.75 5.625 3.125
5 2.5 5 3.125 5.625 2.5 5.625 3.125 5.3125 2.8125
5 3.125 5 3.75 5.625 3.125 5.625 3.75 5.3125 3.4375
5 3.125 5 3.4375 5.3125 3.125 5.3125 3.4375 5.15625 3.28125
5 3.4375 5 3.75 5.3125 3.4375 5.3125 3.75 5.15625 3.59375
5.3125 3.125 5.3125 3.4375 5.625 3.125 5.625 3.4375 5.46875 3.28125
5.3125 3.4375 5.3125 3.75 5.625 3.4375 5.625 3.75 5.46875 3.59375
5.625 2.5 5.625 3.125 6.25 2.5 6.25 3.125 5.9375 2.8125
5.625 3.125 5.625 3.75 6.25 3.125 6.25 3.75 5.9375 3.4375
5 3.75 5 5 6.25 3.75 6.25 5 5.625 4.375
6.25 2.5 6.25 3.75 7.5 2.5 7.5 3.75 6.875 3.125
6.25 2.5 6.25 3.125 6.875 2.5 6.875 3.125 6.5625 2.8125
6.25 3.125 6.25 3.75 6.875 3.125 6.875 3.75 6.5625 3.4375
6.25 3.125 6.25 3.4375 6.5625 3.125 6.5625 3.4375 6.40625 3.28125
6.25 3.4375 6.25 3.75 6.5625 3.4375 6.5625 3.75 6.40625 3.59375
6.5625 3.125 6.5625 3.4375 6.875 3.125 6.875 3.4375 6.71875 3.28125
6.5625 3.4375 6.5625 3.75 6.875 3.4375 6.875 3.75 6.71875 3.59375
6.875 2.5 6.875 3.125 7.5 2.5 7.5 3.125 7.1875 2.8125
6.875 3.125 6.875 3.75 7.5 3.125 7.5 3.75 7.1875 3.4375
6.25 3.75 6.25 5 7.5 3.75 7.5 5 6.875 4.375
7.5 0 7.5 2.5 10 0 10 2.5 8.75 1.25
7.5 0 7.5 1.25 8.75 0 8.75 1.25 8.125 0.625
7.5 0 7.5 0.625 8.125 0 8.125 0.625 7.8125 0.3125
7.5 0.625 7.5 1.25 8.125 0.625 8.125 1.25 7.8125 0.9375
8.125 0 8.125 0.625 8.75 0 8.75 0.625 8.4375 0.3125
8.125 0.625 8.125 1.25 8.75 0.625 8.75 1.25 8.4375 0.9375
7.5 1.25 7.5 2.5 8.75 1.25 8.75 2.5 8.125 1.875
8.75 0 8.75 1.25 10 0 10 1.25 9.375 0.625
8.75 1.25 8.75 2.5 10 1.25 10 2.5 9.375 1.875
8.75 1.25 8.75 1.875 9.375 1.25 9.375 1.875 9.0625 1.5625
8.75 1.875 8.75 2.5 9.375 1.875 9.375 2.5 9.0625 2.1875
9.375 1.25 9.375 1.875 10 1.25 10 1.875 9.6875 1.5625
9.375 1.875 9.375 2.5 10 1.875 10 2.5 9.6875 2.1875
7.5 2.5 7.5 5 10 2.5 10 5 8.75 3.75
7.5 2.5 7.5 3.75 8.75 2.5 8.75 3.75 8.125 3.125
7.5 2.5 7.5 3.125 8.125 2.5 8.125 3.125 7.8125 2.8125
7.5 3.125 7.5 3.75 8.125 3.125 8.125 3.75 7.8125 3.4375
8.125 2.5 8.125 3.125 8.75 2.5 8.75 3.125 8.4375 2.8125
8.125 3.125 8.125 3.75 8.75 3.125 8.75 3.75 8.4375 3.4375
7.5 3.75 7.5 5 8.75 3.75 8.75 5 8.125 4.375
7.5 3.75 7.5 4.375 8.125 3.75 8.125 4.375 7.8125 4.0625
7.5 4.375 7.5 5 8.125 4.375 8.125 5 7.8125 4.6875
8.125 3.75 8.125 4.375 8.75 3.75 8.75 4.375 8.4375 4.0625
8.125 3.75 8.125 4.0625 8.4375 3.75 8.4375 4.0625 8.28125 3.90625
8.125 4.0625 8.125 4.375 8.4375 4.0625 8.4375 4.375 8.28125 4.21875
8.4375 3.75 8.4375 4.0625 8.75 3.75 8.75 4.0625 8.59375 3.90625
8.4375 4.0625 8.4375 4.375 8.75 4.0625 8.75 4.375 8.59375 4.21875
8.125 4.375 8.125 5 8.75 4.375 8.75 5 8.4375 4.6875
8.75 2.5 8.75 3.75 10 2.5 10 3.75 9.375 3.125
8.75 2.5 8.75 3.125 9.375 2.5 9.375 3.125 9.0625 2.8125
8.75 3.125 8.75 3.75 9.375 3.125 9.375 3.75 9.0625 3.4375
9.375 2.5 9.375 3.125 10 2.5 10 3.125 9.6875 2.8125
9.375 3.125 9.375 3.75 10 3.125 10 3.75 9.6875 3.4375
8.75 3.75 8.75 5 10 3.75 10 5 9.375 4.375
8.75 3.75 8.75 4.375 9.375 3.75 9.375 4.375 9.0625 4.0625
8.75 4.375 8.75 5 9.375 4.375 9.375 5 9.0625 4.6875
9.375 3.75 9.375 4.375 10 3.75 10 4.375 9.6875 4.0625
9.375 4.375 9.375 5 10 4.375 10 5 9.6875 4.6875
5 5 5 10 10 5 10 10 7.5 7.5
5 5 5 7.5 7.5 5 7.5 7.5 6.25 6.25
5 5 5 6.25 6.25 5 6.25 6.25 5.625 5.625
5 5 5 5.625 5.625 5 5.625 5.625 5.3125 5.3125
5 5.625 5 6.25 5.625 5.625 5.625 6.25 5.3125 5.9375
5.625 5 5.625 5.625 6.25 5 6.25 5.625 5.9375 5.3125
5.625 5.625 5.625 6.25 6.25 5.625 6.25 6.25 5.9375 5.9375
5 6.25 5 7.5 6.25 6.25 6.25 7.5 5.625 6.875
6.25 5 6.25 6.25 7.5 5 7.5 6.25 6.875 5.625
6.25 6.25 6.25 7.5 7.5 6.25 7.5 7.5 6.875 6.875
6.25 6.25 6.25 6.875 6.875 6.25 6.875 6.875 6.5625 6.5625
6.25 6.875 6.25 7.5 6.875 6.875 6.875 7.5 6.5625 7.1875
6.875 6.25 6.875 6.875 7.5 6.25 7.5 6.875 7.1875 6.5625
6.875 6.875 6.875 7.5 7.5 6.875 7.5 7.5 7.1875 7.1875
5 7.5 5 10 7.5 7.5 7.5 10 6.25 8.75
5 7.5 5 8.75 6.25 7.5 6.25 8.75 5.625 8.125
5 8.75 5 10 6.25 8.75 6.25 10 5.625 9.375
6.25 7.5 6.25 8.75 7.5 7.5 7.5 8.75 6.875 8.125
6.25 7.5 6.25 8.125 6.875 7.5 6.875 8.125 6.5625 7.8125
6.25 8.125 6.25 8.75 6.875 8.125 6.875 8.75 6.5625 8.4375
6.25 8.125 6.25 8.4375 6.5625 8.125 6.5625 8.4375 6.40625 8.28125
6.25 8.4375 6.25 8.75 6.5625 8.4375 6.5625 8.75 6.40625 8.59375
6.5625 8.125 6.5625 8.4375 6.875 8.125 6.875 8.4375 6.71875 8.28125
6.5625 8.4375 6.5625 8.75 6.875 8.4375 6.875 8.75 6.71875 8.59375
6.875 7.5 6.875 8.125 7.5 7.5 7.5 8.125 7.1875 7.8125
6.875 8.125 6.875 8.75 7.5 8.125 7.5 8.75 7.1875 8.4375
6.25 8.75 6.25 10 7.5 8.75 7.5 10 6.875 9.375
6.25 8.75 6.25 9.375 6.875 8.75 6.875 9.375 6.5625 9.0625
6.25 9.375 6.25 10 6.875 9.375 6.875 10 6.5625 9.6875
6.875 8.75 6.875 9.375 7.5 8.75 7.5 9.375 7.1875 9.0625
6.875 9.375 6.875 10 7.5 9.375 7.5 10 7.1875 9.6875
7.5 5 7.5 7.5 10 5 10 7.5 8.75 6.25
7.5 5 7.5 6.25 8.75 5 8.75 6.25 8.125 5.625
7.5 5 7.5 5.625 8.125 5 8.125 5.625 7.8125 5.3125
7.5 5.625 7.5 6.25 8.125 5.625 8.125 6.25 7.8125 5.9375
8.125 5 8.125 5.625 8.75 5 8.75 5.625 8.4375 5.3125
8.125 5.625 8.125 6.25 8.75 5.625 8.75 6.25 8.4375 5.9375
8.125 5.625 8.125 5.9375 8.4375 5.625 8.4375 5.9375 8.28125 5.78125
8.125 5.9375 8.125 6.25 8.4375 5.9375 8.4375 6.25 8.28125 6.09375
8.4375 5.625 8.4375 5.9375 8.75 5.625 8.75 5.9375 8.59375 5.78125
8.4375 5.9375 8.4375 6.25 8.75 5.9375 8.75 6.25 8.59375 6.09375
7.5 6.25 7.5 7.5 8.75 6.25 8.75 7.5 8.125 6.875
8.75 5 8.75 6.25 10 5 10 6.25 9.375 5.625
8.75 6.25 8.75 7.5 10 6.25 10 7.5 9.375 6.875
8.75 6.25 8.75 6.875 9.375 6.25 9.375 6.875 9.0625 6.5625
8.75 6.875 8.75 7.5 9.375 6.875 9.375 7.5 9.0625 7.1875
9.375 6.25 9.375 6.875 10 6.25 10 6.875 9.6875 6.5625
9.375 6.875 9.375 7.5 10 6.875 10 7.5 9.6875 7.1875
7.5 7.5 7.5 10 10 7.5 10 10 8.75 8.75
7.5 7.5 7.5 8.75 8.75 7.5 8.75 8.75 8.125 8.125
7.5 7.5 7.5 8.125 8.125 7.5 8.125 8.125 7.8125 7.8125
7.5 8.125 7.5 8.75 8.125 8.125 8.125 8.75 7.8125 8.4375
8.125 7.5 8.125 8.125 8.75 7.5 8.75 8.125 8.4375 7.8125
8.125 7.5 8.125 7.8125 8.4375 7.5 8.4375 7.8125 8.28125 7.65625
8.125 7.8125 8.125 8.125 8.4375 7.8125 8.4375 8.125 8.28125 7.96875
8.4375 7.5 8.4375 7.8125 8.75 7.5 8.75 7.8125 8.59375 7.65625
8.4375 7.8125 8.4375 8.125 8.75 7.8125 8.75 8.125 8.59375 7.96875
8.125 8.125 8.125 8.75 8.75 8.125 8.75 8.75 8.4375 8.4375
7.5 8.75 7.5 10 8.75 8.75 8.75 10 8.125 9.375
7.5 8.75 7.5 9.375 8.125 8.75 8.125 9.375 7.8125 9.0625
7.5 9.375 7.5 10 8.125 9.375 8.125 10 7.8125 9.6875
8.125 8.75 8.125 9.375 8.75 8.75 8.75 9.375 8.4375 9.0625
8.125 9.375 8.125 10 8.75 9.375 8.75 10 8.4375 9.6875
8.75 7.5 8.75 8.75 10 7.5 10 8.75 9.375 8.125
8.75 7.5 8.75 8.125 9.375 7.5 9.375 8.125 9.0625 7.8125
8.75 8.125 8.75 8.75 9.375 8.125 9.375 8.75 9.0625 8.4375
9.375 7.5 9.375 8.125 10 7.5 10 8.125 9.6875 7.8125
9.375 8.125 9.375 8.75 10 8.125 10 8.75 9.6875 8.4375
8.75 8.75 8.75 10 10 8.75 10 10 9.375 9.375
8.75 8.75 8.75 9.375 9.375 8.75 9.375 9.375 9.0625 9.0625
8.75 9.375 8.75 10 9.375 9.375 9.375 10 9.0625 9.6875
9.375 8.75 9.375 9.375 10 8.75 10 9.375 9.6875 9.0625
9.375 8.75 9.375 9.0625 9.6875 8.75 9.6875 9.0625 9.53125 8.90625
9.375 9.0625 9.375 9.375 9.6875 9.0625 9.6875 9.375 9.53125 9.21875
9.6875 8.75 9.6875 9.0625 10 8.75 10 9.0625 9.84375 8.90625
9.6875 9.0625 9.6875 9.375 10 9.0625 10 9.375 9.84375 9.21875
9.375 9.375 9.375 10 10 9.375 10 10 9.6875 9.6875
0 0 0 5 5 0 5 5 2.5 2.5
0 0 0 2.5 2.5 0 2.5 2.5 1.25 1.25
0 0 0 1.25 1.25 0 1.25 1.25 0.625 0.625
0 1.25 0 2.5 1.25 1.25 1.25 2.5 0.625 1.875
0 1.25 0 1.875 0.625 1.25 0.625 1.875 0.3125 1.5625
0 1.875 0 2.5 0.625 1.875 0.625 2.5 0.3125 2.1875
0.625 1.25 0.625 1.875 1.25 1.25 1.25 1.875 0.9375 1.5625
0.625 1.875 0.625 2.5 1.25 1.875 1.25 2.5 0.9375 2.1875
1.25 0 1.25 1.25 2.5 0 2.5 1.25 1.875 0.625
1.25 0 1.25 0.625 1.875 0 1.875 0.625 1.5625 0.3125
1.25 0.625 1.25 1.25 1.875 0.625 1.875 1.25 1.5625 0.9375
1.875 0 1.875 0.625 2.5 0 2.5 0.625 2.1875 0.3125
1.875 0.625 1.875 1.25 2.5 0.625 2.5 1.25 2.1875 0.9375
1.25 1.25 1.25 2.5 2.5 1.25 2.5 2.5 1.875 1.875
0 2.5 0 5 2.5 2.5 2.5 5 1.25 3.75
0 2.5 0 3.75 1.25 2.5 1.25 3.75 0.625 3.125
0 2.5 0 3.125 0.625 2.5 0.625 3.125 0.3125 2.8125
0 3.125 0 3.75 0.625 3.125 0.625 3.75 0.3125 3.4375
0.625 2.5 0.625 3.125 1.25 2.5 1.25 3.125 0.9375 2.8125
0.625 3.125 0.625 3.75 1.25 3.125 1.25 3.75 0.9375 3.4375
0 3.75 0 5 1.25 3.75 1.25 5 0.625 4.375
1.25 2.5 1.25 3.75 2.5 2.5 2.5 3.75 1.875 3.125
1.25 2.5 1.25 3.125 1.875 2.5 1.875 3.125 1.5625 2.8125
1.25 3.125 1.25 3.75 1.875 3.125 1.875 3.75 1.5625 3.4375
1.875 2.5 1.875 3.125 2.5 2.5 2.5 3.125 2.1875 2.8125
1.875 3.125 1.875 3.75 2.5 3.125 2.5 3.75 2.1875 3.4375
1.25 3.75 1.25 5 2.5 3.75 2.5 5 1.875 4.375
2.5 0 2.5 2.5 5 0 5 2.5 3.75 1.25
2.5 0 2.5 1.25 3.75 0 3.75 1.25 3.125 0.625
2.5 1.25 2.5 2.5 3.75 1.25 3.75 2.5 3.125 1.875
2.5 1.25 2.5 1.875 3.125 1.25 3.125 1.875 2.8125 1.5625
2.5 1.875 2.5 2.5 3.125 1.875 3.125 2.5 2.8125 2.1875
3.125 1.25 3.125 1.875 3.75 1.25 3.75 1.875 3.4375 1.5625
3.125 1.875 3.125 2.5 3.75 1.875 3.75 2.5 3.4375 2.1875
3.125 1.875 3.125 2.1875 3.4375 1.875 3.4375 2.1875 3.28125 2.03125
3.125 2.1875 3.125 2.5 3.4375 2.1875 3.4375 2.5 3.28125 2.34375
3.125 2.1875 3.125 2.34375 3.28125 2.1875 3.28125 2.34375 3.20313 2.26563
3.125 2.34375 3.125 2.5 3.28125 2.34375 3.28125 2.5 3.20313 2.42188
3.28125 2.1875 3.28125 2.34375 3.4375 2.1875 3.4375 2.34375 3.35938 2.26563
3.28125 2.34375 3.28125 2.5 3.4375 2.34375 3.4375 2.5 3.35938 2.42188
3.4375 1.875 3.4375 2.1875 3.75 1.875 3.75 2.1875 3.59375 2.03125
3.4375 2.1875 3.4375 2.5 3.75 2.1875 3.75 2.5 3.59375 2.34375
3.75 0 3.75 1.25 5 0 5 1.25 4.375 0.625
3.75 1.25 3.75 2.5 5 1.25 5 2.5 4.375 1.875
2.5 2.5 2.5 5 5 2.5 5 5 3.75 3.75
2.5 2.5 2.5 3.75 3.75 2.5 3.75 3.75 3.125 3.125
2.5 3.75 2.5 5 3.75 3.75 3.75 5 3.125 4.375
3.75 2.5 3.75 3.75 5 2.5 5 3.75 4.375 3.125
3.75 2.5 3.75 3.125 4.375 2.5 4.375 3.125 4.0625 2.8125
3.75 3.125 3.75 3.75 4.375 3.125 4.375 3.75 4.0625 3.4375
4.375 2.5 4.375 3.125 5 2.5 5 3.125 4.6875 2.8125
4.375 3.125 4.375 3.75 5 3.125 5 3.75 4.6875 3.4375
4.375 3.125 4.375 3.4375 4.6875 3.125 4.6875 3.4375 4.53125 3.28125
4.375 3.4375 4.375 3.75 4.6875 3.4375 4.6875 3.75 4.53125 3.59375
4.375 3.4375 4.375 3.59375 4.53125 3.4375 4.53125 3.59375 4.45313 3.51563
4.375 3.59375 4.375 3.75 4.53125 3.59375 4.53125 3.75 4.45313 3.67188
4.53125 3.4375 4.53125 3.59375 4.6875 3.4375 4.6875 3.59375 4.60938 3.51563
4.53125 3.59375 4.53125 3.75 4.6875 3.59375 4.6875 3.75 4.60938 3.67188
4.6875 3.125 4.6875 3.4375 5 3.125 5 3.4375 4.84375 3.28125
4.6875 3.4375 4.6875 3.75 5 3.4375 5 3.75 4.84375 3.59375
3.75 3.75 3.75 5 5 3.75 5 5 4.375 4.375
0 5 0 10 5 5 5 10 2.5 7.5
0 5 0 7.5 2.5 5 2.5 7.5 1.25 6.25
0 5 0 6.25 1.25 5 1.25 6.25 0.625 5.625
0 6.25 0 7.5 1.25 6.25 1.25 7.5 0.625 6.875
1.25 5 1.25 6.25 2.5 5 2.5 6.25 1.875 5.625
1.25 5 1.25 5.625 1.875 5 1.875 5.625 1.5625 5.3125
1.25 5.625 1.25 6.25 1.875 5.625 1.875 6.25 1.5625 5.9375
1.875 5 1.875 5.625 2.5 5 2.5 5.625 2.1875 5.3125
1.875 5.625 1.875 6.25 2.5 5.625 2.5 6.25 2.1875 5.9375
1.25 6.25 1.25 7.5 2.5 6.25 2.5 7.5 1.875 6.875
1.25 6.25 1.25 6.875 1.875 6.25 1.875 6.875 1.5625 6.5625
1.25 6.875 1.25 7.5 1.875 6.875 1.875 7.5 1.5625 7.1875
1.875 6.25 1.875 6.875 2.5 6.25 2.5 6.875 2.1875 6.5625
1.875 6.875 1.875 7.5 2.5 6.875 2.5 7.5 2.1875 7.1875
0 7.5 0 10 2.5 7.5 2.5 10 1.25 8.75
0 7.5 0 8.75 1.25 7.5 1.25 8.75 0.625 8.125
0 7.5 0 8.125 0.625 7.5 0.625 8.125 0.3125 7.8125
0 8.125 0 8.75 0.625 8.125 0.625 8.75 0.3125 8.4375
0 8.125 0 8.4375 0.3125 8.125 0.3125 8.4375 0.15625 8.28125
0 8.4375 0 8.75 0.3125 8.4375 0.3125 8.75 0.15625 8.59375
0.3125 8.125 0.3125 8.4375 0.625 8.125 0.625 8.4375 0.46875 8.28125
0.3125 8.4375 0.3125 8.75 0.625 8.4375 0.625 8.75 0.46875 8.59375
0.625 7.5 0.625 8.125 1.25 7.5 1.25 8.125 0.9375 7.8125
0.625 8.125 0.625 8.75 1.25 8.125 1.25 8.75 0.9375 8.4375
0 8.75 0 10 1.25 8.75 1.25 10 0.625 9.375
0 8.75 0 9.375 0.625 8.75 0.625 9.375 0.3125 9.0625
0 9.375 0 10 0.625 9.375 0.625 10 0.3125 9.6875
0.625 8.75 0.625 9.375 1.25 8.75 1.25 9.375 0.9375 9.0625
0.625 9.375 0.625 10 1.25 9.375 1.25 10 0.9375 9.6875
1.25 7.5 1.25 8.75 2.5 7.5 2.5 8.75 1.875 8.125
1.25 8.75 1.25 10 2.5 8.75 2.5 10 1.875 9.375
2.5 5 2.5 7.5 5 5 5 7.5 3.75 6.25
2.5 5 2.5 6.25 3.75 5 3.75 6.25 3.125 5.625
2.5 6.25 2.5 7.5 3.75 6.25 3.75 7.5 3.125 6.875
2.5 6.25 2.5 6.875 3.125 6.25 3.125 6.875 2.8125 6.5625
2.5 6.875 2.5 7.5 3.125 6.875 3.125 7.5 2.8125 7.1875
2.5 6.875 2.5 7.1875 2.8125 6.875 2.8125 7.1875 2.65625 7.03125
2.5 7.1875 2.5 7.5 2.8125 7.1875 2.8125 7.5 2.65625 7.34375
2.8125 6.875 2.8125 7.1875 3.125 6.875 3.125 7.1875 2.96875 7.03125
2.8125 7.1875 2.8125 7.5 3.125 7.1875 3.125 7.5 2.96875 7.34375
3.125 6.25 3.125 6.875 3.75 6.25 3.75 6.875 3.4375 6.5625
3.125 6.875 3.125 7.5 3.75 6.875 3.75 7.5 3.4375 7.1875
3.75 5 3.75 6.25 5 5 5 6.25 4.375 5.625
3.75 5 3.75 5.625 4.375 5 4.375 5.625 4.0625 5.3125
3.75 5.625 3.75 6.25 4.375 5.625 4.375 6.25 4.0625 5.9375
4.375 5 4.375 5.625 5 5 5 5.625 4.6875 5.3125
4.375 5 4.375 5.3125 4.6875 5 4.6875 5.3125 4.53125 5.15625
4.375 5.3125 4.375 5.625 4.6875 5.3125 4.6875 5.625 4.53125 5.46875
4.6875 5 4.6875 5.3125 5 5 5 5.3125 4.84375 5.15625
4.6875 5.3125 4.6875 5.625 5 5.3125 5 5.625 4.84375 5.46875
4.375 5.625 4.375 6.25 5 5.625 5 6.25 4.6875 5.9375
3.75 6.25 3.75 7.5 5 6.25 5 7.5 4.375 6.875
2.5 7.5 2.5 10 5 7.5 5 10 3.75 8.75
2.5 7.5 2.5 8.75 3.75 7.5 3.75 8.75 3.125 8.125
2.5 7.5 2.5 8.125 3.125 7.5 3.125 8.125 2.8125 7.8125
2.5 8.125 2.5 8.75 3.125 8.125 3.125 8.75 2.8125 8.4375
2.5 8.125 2.5 8.4375 2.8125 8.125 2.8125 8.4375 2.65625 8.28125
2.5 8.4375 2.5 8.75 2.8125 8.4375 2.8125 8.75 2.65625 8.59375
2.8125 8.125 2.8125 8.4375 3.125 8.125 3.125 8.4375 2.96875 8.28125
2.8125 8.4375 2.8125 8.75 3.125 8.4375 3.125 8.75 2.96875 8.59375
3.125 7.5 3.125 8.125 3.75 7.5 3.75 8.125 3.4375 7.8125
3.125 8.125 3.125 8.75 3.75 8.125 3.75 8.75 3.4375 8.4375
3.125 8.125 3.125 8.4375 3.4375 8.125 3.4375 8.4375 3.28125 8.28125
3.125 8.4375 3.125 8.75 3.4375 8.4375 3.4375 8.75 3.28125 8.59375
3.4375 8.125 3.4375 8.4375 3.75 8.125 3.75 8.4375 3.59375 8.28125
3.4375 8.4375 3.4375 8.75 3.75 8.4375 3.75 8.75 3.59375 8.59375
2.5 8.75 2.5 10 3.75 8.75 3.75 10 3.125 9.375
3.75 7.5 3.75 8.75 5 7.5 5 8.75 4.375 8.125
3.75 8.75 3.75 10 5 8.75 5 10 4.375 9.375
3.75 8.75 3.75 9.375 4.375 8.75 4.375 9.375 4.0625 9.0625
3.75 9.375 3.75 10 4.375 9.375 4.375 10 4.0625 9.6875
4.375 8.75 4.375 9.375 5 8.75 5 9.375 4.6875 9.0625
4.375 9.375 4.375 10 5 9.375 5 10 4.6875 9.6875
5 0 5 5 10 0 10 5 7.5 2.5
5 0 5 2.5 7.5 0 7.5 2.5 6.25 1.25
5 0 5 1.25 6.25 0 6.25 1.25 5.625 0.625
5 1.25 5 2.5 6.25 1.25 6.25 2.5 5.625 1.875
6.25 0 6.25 1.25 7.5 0 7.5 1.25 6.875 0.625
6.25 0 6.25 0.625 6.875 0 6.875 0.625 6.5625 0.3125
6.25 0 6.25 0.3125 6.5625 0 6.5625 0.3125 6.40625 0.15625
6.25 0.3125 6.25 0.625 6.5625 0.3125 6.5625 0.625 6.40625 0.46875
6.5625 0 6.5625 0.3125 6.875 0 6.875 0.3125 6.71875 0.15625
6.5625 0.3125 6.5625 0.625 6.875 0.3125 6.875 0.625 6.71875 0.46875
6.25 0.625 6.25 1.25 6.875 0.625 6.875 1.25 6.5625 0.9375
6.875 0 6.875 0.625 7.5 0 7.5 0.625 7.1875 0.3125
6.875 0.625 6.875 1.25 7.5 0.625 7.5 1.25 7.1875 0.9375
6.25 1.25 6.25 2.5 7.5 1.25 7.5 2.5 6.875 1.875
6.25 1.25 6.25 1.875 6.875 1.25 6.875 1.875 6.5625 1.5625
6.25 1.875 6.25 2.5 6.875 1.875 6.875 2.5 6.5625 2.1875
6.875 1.25 6.875 1.875 7.5 1.25 7.5 1.875 7.1875 1.5625
6.875 1.875 6.875 2.5 7.5 1.875 7.5 2.5 7.1875 2.1875
5 2.5 5 5 7.5 2.5 7.5 5 6.25 3.75
5 2.5 5 3.75 6.25 2.5 6.25 3.75 5.625 3.125
5 2.5 5 3.125 5.625 2.5 5.625 3.125 5.3125 2.8125
5 3.125 5 3.75 5.625 3.125 5.625 3.75 5.3125 3.4375
5.625 2.5 5.625 3.125 6.25 2.5 6.25 3.125 5.9375 2.8125
5.625 3.125 5.625 3.75 6.25 3.125 6.25 3.75 5.9375 3.4375
5 3.75 5 5 6.25 3.75 6.25 5 5.625 4.375
5 3.75 5 4.375 5.625 3.75 5.625 4.375 5.3125 4.0625
5 4.375 5 5 5.625 4.375 5.625 5 5.3125 4.6875
5.625 3.75 5.625 4.375 6.25 3.75 6.25 4.375 5.9375 4.0625
5.625 4.375 5.625 5 6.25 4.375 6.25 5 5.9375 4.6875
6.25 2.5 6.25 3.75 7.5 2.5 7.5 3.75 6.875 3.125
6.25 2.5 6.25 3.125 6.875 2.5 6.875 3.125 6.5625 2.8125
6.25 2.5 6.25 2.8125 6.5625 2.5 6.5625 2.8125 6.40625 2.65625
6.25 2.8125 6.25 3.125 6.5625 2.8125 6.5625 3.125 6.40625 2.96875
6.25 2.8125 6.25 2.96875 6.40625 2.8125 6.40625 2.96875 6.32813 2.89063
6.25 2.96875 6.25 3.125 6.40625 2.96875 6.40625 3.125 6.32813 3.04688
6.40625 2.8125 6.40625 2.96875 6.5625 2.8125 6.5625 2.96875 6.48438 2.89063
6.40625 2.96875 6.40625 3.125 6.5625 2.96875 6.5625 3.125 6.48438 3.04688
6.5625 2.5 6.5625 2.8125 6.875 2.5 6.875 2.8125 6.71875 2.65625
6.5625 2.8125 6.5625 3.125 6.875 2.8125 6.875 3.125 6.71875 2.96875
6.25 3.125 6.25 3.75 6.875 3.125 6.875 3.75 6.5625 3.4375
6.875 2.5 6.875 3.125 7.5 2.5 7.5 3.125 7.1875 2.8125
6.875 2.5 6.875 2.8125 7.1875 2.5 7.1875 2.8125 7.03125 2.65625
6.875 2.8125 6.875 3.125 7.1875 2.8125 7.1875 3.125 7.03125 2.96875
7.1875 2.5 7.1875 2.8125 7.5 2.5 7.5 2.8125 7.34375 2.65625
7.1875 2.8125 7.1875 3.125 7.5 2.8125 7.5 3.125 7.34375 2.96875
6.875 3.125 6.875 3.75 7.5 3.125 7.5 3.75 7.1875 3.4375
6.25 3.75 6.25 5 7.5 3.75 7.5 5 6.875 4.375
6.25 3.75 6.25 4.375 6.875 3.75 6.875 4.375 6.5625 4.0625
6.25 4.375 6.25 5 6.875 4.375 6.875 5 6.5625 4.6875
6.875 3.75 6.875 4.375 7.5 3.75 7.5 4.375 7.1875 4.0625
6.875 4.375 6.875 5 7.5 4.375 7.5 5 7.1875 4.6875
7.5 0 7.5 2.5 10 0 10 2.5 8.75 1.25
7.5 0 7.5 1.25 8.75 0 8.75 1.25 8.125 0.625
7.5 0 7.5 0.625 8.125 0 8.125 0.625 7.8125 0.3125
7.5 0 7.5 0.3125 7.8125 0 7.8125 0.3125 7.65625 0.15625
7.5 0.3125 7.5 0.625 7.8125 0.3125 7.8125 0.625 7.65625 0.46875
7.8125 0 7.8125 0.3125 8.125 0 8.125 0.3125 7.96875 0.15625
7.8125 0.3125 7.8125 0.625 8.125 0.3125 8.125 0.625 7.96875 0.46875
7.5 0.625 7.5 1.25 8.125 0.625 8.125 1.25 7.8125 0.9375
8.125 0 8.125 0.625 8.75 0 8.75 0.625 8.4375 0.3125
8.125 0.625 8.125 1.25 8.75 0.625 8.75 1.25 8.4375 0.9375
7.5 1.25 7.5 2.5 8.75 1.25 8.75 2.5 8.125 1.875
8.75 0 8.75 1.25 10 0 10 1.25 9.375 0.625
8.75 1.25 8.75 2.5 10 1.25 10 2.5 9.375 1.875
7.5 2.5 7.5 5 10 2.5 10 5 8.75 3.75
7.5 2.5 7.5 3.75 8.75 2.5 8.75 3.75 8.125 3.125
7.5 3.75 7.5 5 8.75 3.75 8.75 5 8.125 4.375
7.5 3.75 7.5 4.375 8.125 3.75 8.125 4.375 7.8125 4.0625
7.5 4.375 7.5 5 8.125 4.375 8.125 5 7.8125 4.6875
8.125 3.75 8.125 4.375 8.75 3.75 8.75 4.375 8.4375 4.0625
8.125 4.375 8.125 5 8.75 4.375 8.75 5 8.4375 4.6875
8.75 2.5 8.75 3.75 10 2.5 10 3.75 9.375 3.125
8.75 3.75 8.75 5 10 3.75 10 5 9.375 4.375
5 5 5 10 10 5 10 10 7.5 7.5
5 5 5 7.5 7.5 5 7.5 7.5 6.25 6.25
5 5 5 6.25 6.25 5 6.25 6.25 5.625 5.625
5 5 5 5.625 5.625 5 5.625 5.625 5.3125 5.3125
5 5.625 5 6.25 5.625 5.625 5.625 6.25 5.3125 5.9375
5.625 5 5.625 5.625 6.25 5 6.25 5.625 5.9375 5.3125
5.625 5.625 5.625 6.25 6.25 5.625 6.25 6.25 5.9375 5.9375
5 6.25 5 7.5 6.25 6.25 6.25 7.5 5.625 6.875
6.25 5 6.25 6.25 7.5 5 7.5 6.25 6.875 5.625
6.25 5 6.25 5.625 6.875 5 6.875 5.625 6.5625 5.3125
6.25 5.625 6.25 6.25 6.875 5.625 6.875 6.25 6.5625 5.9375
6.875 5 6.875 5.625 7.5 5 7.5 5.625 7.1875 5.3125
6.875 5.625 6.875 6.25 7.5 5.625 7.5 6.25 7.1875 5.9375
6.25 6.25 6.25 7.5 7.5 6.25 7.5 7.5 6.875 6.875
6.25 6.25 6.25 6.875 6.875 6.25 6.875 6.875 6.5625 6.5625
6.25 6.875 6.25 7.5 6.875 6.875 6.875 7.5 6.5625 7.1875
6.875 6.25 6.875 6.875 7.5 6.25 7.5 6.875 7.1875 6.5625
6.875 6.875 6.875 7.5 7.5 6.875 7.5 7.5 7.1875 7.1875
6.875 6.875 6.875 7.1875 7.1875 6.875 7.1875 7.1875 7.03125 7.03125
6.875 7.1875 6.875 7.5 7.1875 7.1875 7.1875 7.5 7.03125 7.34375
6.875 7.1875 6.875 7.34375 7.03125 7.1875 7.03125 7.34375 6.95313 7.26563
6.875 7.34375 6.875 7.5 7.03125 7.34375 7.03125 7.5 6.95313 7.42188
7.03125 7.1875 7.03125 7.34375 7.1875 7.1875 7.1875 7.34375 7.10938 7.26563
7.03125 7.34375 7.03125 7.5 7.1875 7.34375 7.1875 7.5 7.10938 7.42188
7.1875 6.875 7.1875 7.1875 7.5 6.875 7.5 7.1875 7.34375 7.03125
7.1875 7.1875 7.1875 7.5 7.5 7.1875 7.5 7.5 7.34375 7.34375
5 7.5 5 10 7.5 7.5 7.5 10 6.25 8.75
5 7.5 5 8.75 6.25 7.5 6.25 8.75 5.625 8.125
5 8.75 5 10 6.25 8.75 6.25 10 5.625 9.375
6.25 7.5 6.25 8.75 7.5 7.5 7.5 8.75 6.875 8.125
6.25 7.5 6.25 8.125 6.875 7.5 6.875 8.125 6.5625 7.8125
6.25 8.125 6.25 8.75 6.875 8.125 6.875 8.75 6.5625 8.4375
6.25 8.125 6.25 8.4375 6.5625 8.125 6.5625 8.4375 6.40625 8.28125
6.25 8.4375 6.25 8.75 6.5625 8.4375 6.5625 8.75 6.40625 8.59375
6.5625 8.125 6.5625 8.4375 6.875 8.125 6.875 8.4375 6.71875 8.28125
6.5625 8.4375 6.5625 8.75 6.875 8.4375 6.875 8.75 6.71875 8.59375
6.5625 8.4375 6.5625 8.59375 6.71875 8.4375 6.71875 8.59375 6.64063 8.51563
6.5625 8.4375 6.5625 8.51563 6.64063 8.4375 6.64063 8.51563 6.60156 8.47656
6.5625 8.51563 6.5625 8.59375 6.64063 8.51563 6.64063 8.59375 6.60156 8.55469
6.64063 8.4375 6.64063 8.51563 6.71875 8.4375 6.71875 8.51563 6.67969 8.47656
6.64063 8.51563 6.64063 8.59375 6.71875 8.51563 6.71875 8.59375 6.67969 8.55469
6.5625 8.59375 6.5625 8.75 6.71875 8.59375 6.71875 8.75 6.64063 8.67188
6.71875 8.4375 6.71875 8.59375 6.875 8.4375 6.875 8.59375 6.79688 8.51563
6.71875 8.59375 6.71875 8.75 6.875 8.59375 6.875 8.75 6.79688 8.67188
6.875 7.5 6.875 8.125 7.5 7.5 7.5 8.125 7.1875 7.8125
6.875 8.125 6.875 8.75 7.5 8.125 7.5 8.75 7.1875 8.4375
6.25 8.75 6.25 10 7.5 8.75 7.5 10 6.875 9.375
6.25 8.75 6.25 9.375 6.875 8.75 6.875 9.375 6.5625 9.0625
6.25 9.375 6.25 10 6.875 9.375 6.875 10 6.5625 9.6875
6.875 8.75 6.875 9.375 7.5 8.75 7.5 9.375 7.1875 9.0625
6.875 8.75 6.875 9.0625 7.1875 8.75 7.1875 9.0625 7.03125 8.90625
6.875 9.0625 6.875 9.375 7.1875 9.0625 7.1875 9.375 7.03125 9.21875
7.1875 8.75 7.1875 9.0625 7.5 8.75 7.5 9.0625 7.34375 8.90625
7.1875 9.0625 7.1875 9.375 7.5 9.0625 7.5 9.375 7.34375 9.21875
6.875 9.375 6.875 10 7.5 9.375 7.5 10 7.1875 9.6875
7.5 5 7.5 7.5 10 5 10 7.5 8.75 6.25
7.5 5 7.5 6.25 8.75 5 8.75 6.25 8.125 5.625
7.5 6.25 7.5 7.5 8.75 6.25 8.75 7.5 8.125 6.875
8.75 5 8.75 6.25 10 5 10 6.25 9.375 5.625
8.75 6.25 8.75 7.5 10 6.25 10 7.5 9.375 6.875
8.75 6.25 8.75 6.875 9.375 6.25 9.375 6.875 9.0625 6.5625
8.75 6.875 8.75 7.5 9.375 6.875 9.375 7.5 9.0625 7.1875
9.375 6.25 9.375 6.875 10 6.25 10 6.875 9.6875 6.5625
9.375 6.25 9.375 6.5625 9.6875 6.25 9.6875 6.5625 9.53125 6.40625
9.375 6.5625 9.375 6.875 9.6875 6.5625 9.6875 6.875 9.53125 6.71875
9.6875 6.25 9.6875 6.5625 10 6.25 10 6.5625 9.84375 6.40625
9.6875 6.5625 9.6875 6.875 10 6.5625 10 6.875 9.84375 6.71875
9.375 6.875 9.375 7.5 10 6.875 10 7.5 9.6875 7.1875
7.5 7.5 7.5 10 10 7.5 10 10 8.75 8.75
7.5 7.5 7.5 8.75 8.75 7.5 8.75 8.75 8.125 8.125
7.5 7.5 7.5 8.125 8.125 7.5 8.125 8.125 7.8125 7.8125
7.5 8.125 7.5 8.75 8.125 8.125 8.125 8.75 7.8125 8.4375
8.125 7.5 8.125 8.125 8.75 7.5 8.75 8.125 8.4375 7.8125
8.125 7.5 8.125 7.8125 8.4375 7.5 8.4375 7.8125 8.28125 7.65625
8.125 7.8125 8.125 8.125 8.4375 7.8125 8.4375 8.125 8.28125 7.96875
8.4375 7.5 8.4375 7.8125 8.75 7.5 8.75 7.8125 8.59375 7.65625
8.4375 7.8125 8.4375 8.125 8.75 7.8125 8.75 8.125 8.59375 7.96875
8.125 8.125 8.125 8.75 8.75 8.125 8.75 8.75 8.4375 8.4375
7.5 8.75 7.5 10 8.75 8.75 8.75 10 8.125 9.375
8.75 7.5 8.75 8.75 10 7.5 10 8.75 9.375 8.125
8.75 8.75 8.75 10 10 8.75 10 10 9.375 9.375
2.5 0 2.5 1.25 3.75 0 3.75 1.25 3.125 0.625
2.5 1.25 2.5 2.5 3.75 1.25 3.75 2.5 3.125 1.875
2.5 1.25 2.5 1.875 3.125 1.25 3.125 1.875 2.8125 1.5625
2.5 1.875 2.5 2.5 3.125 1.875 3.125 2.5 2.8125 2.1875
3.125 1.25 3.125 1.875 3.75 1.25 3.75 1.875 3.4375 1.5625
3.125 1.875 3.125 2.5 3.75 1.875 3.75 2.5 3.4375 2.1875
3.125 1.875 3.125 2.1875 3.4375 1.875 3.4375 2.1875 3.28125 2.03125
3.125 2.1875 3.125 2.5 3.4375 2.1875 3.4375 2.5 3.28125 2.34375
3.125 2.1875 3.125 2.34375 3.28125 2.1875 3.28125 2.34375 3.20313 2.26563
3.125 2.34375 3.125 2.5 3.28125 2.34375 3.28125 2.5 3.20313 2.42188
3.28125 2.1875 3.28125 2.34375 3.4375 2.1875 3.4375 2.34375 3.35938 2.26563
3.28125 2.34375 3.28125 2.5 3.4375 2.34375 3.4375 2.5 3.35938 2.42188
3.4375 1.875 3.4375 2.1875 3.75 1.875 3.75 2.1875 3.59375 2.03125
3.4375 2.1875 3.4375 2.5 3.75 2.1875 3.75 2.5 3.59375 2.34375
3.75 0 3.75 1.25 5 0 5 1.25 4.375 0.625
3.75 1.25 3.75 2.5 5 1.25 5 2.5 4.375 1.875
